10
0.0
1  0.0  8.860406276871064  9.342237926396187  2.1776483871041683  5.220904854729937
2  0.0  5.988411078542686  2.32490838404975  2.280184961548238  5.176944711036546
3  0.0  6.705306360217477  2.222785007100706  1.6152198353853202  5.421352680224542
4  0.0  3.382727748444264  3.9393516747566792  0.53132899851463  5.631846011330339
5  0.0  8.355826323239086  6.491305242222496  5.346691199077101  1.847401748865545
6  0.0  7.73894504175032  6.484451432205339  4.792673890539338  3.005041926320252
7  0.0  6.068508996255635  1.8331029511524677  0.5604992001397876  5.629017733729631
8  0.0  2.3267308272914065  6.540559872241937  5.474846172382492  1.4233971296685926
9  0.0  5.532024758669788  9.610038958138757  5.171319287766128  2.2929144824825096
10  0.0  1.3056979178531969  3.4643552396991364  3.9003927348187397  4.097186414379165
10
1.0
1  0.0  11.038054663975233  14.563142781126125  5.656820871766701  0.01943256917201882
2  0.0  8.268596040090925  7.501853095086296  5.6502871691715235  -0.2724975337423312
3  0.0  8.320526195602797  7.644137687325248  5.6553090214934825  0.13221146476170625
4  0.0  3.914056746958894  9.571197686087018  5.656478320415024  0.06521511078602704
5  0.0  13.702517522316187  8.33870699108804  5.653105332298003  -0.20591285036122395
6  0.0  12.531618932289657  9.489493358525591  5.654100338442456  -0.1764918208442142
7  0.0  6.629008196395422  7.462120684882098  5.656808992408606  0.022627934177700162
8  0.0  7.801576999673898  7.96395700191053  5.650376593628236  0.2706369342461824
9  0.0  10.703344046435916  11.902953440621268  5.652795654383437  -0.21424586293260378
10  0.0  5.206090652671937  7.561541654078302  5.656838230140202  0.013462467243896162
10
2.0
1  0.0  16.694875535741936  14.582575350298143  5.654052312618874  0.17802372361336588
2  0.0  13.918883209262448  7.229355561343965  5.656699496131793  0.04184268708300379
3  0.0  13.975835217096279  7.776349152086954  5.652731269752976  -0.21593793542800163
4  0.0  9.570535067373918  9.636412796873046  5.656745563487428  -0.03506607998203101
5  0.0  19.35562285461419  8.132794140726816  5.656391153270936  -0.07238177393722077
6  0.0  18.185719270732115  9.313001537681377  5.6556928089432255  -0.11462482657736411
7  0.0  12.285817188804028  7.484748619059799  5.653603373068839  -0.19175218388499618
8  0.0  13.451953593302134  8.234593936156713  5.654074891533287  0.17730516330004878
9  0.0  16.35613970081935  11.688707577688664  5.656074499712151  -0.093921529512383
10  0.0  10.862928882812138  7.575004121322198  5.65682544645296  0.01805182434790439
10
3.0
1  0.0  22.34892784836081  14.760599073911509  5.654073852634287  -0.17733828959722173
2  0.0  19.57558270539424  7.271198248426969  5.656821349409738  0.019293026257914663
3  0.0  19.628566486849255  7.560411216658952  5.6563945541190614  0.07211551935761032
4  0.0  15.227280630861346  9.601346716891015  5.653397109252577  0.19774004423641356
5  0.0  25.012014007885124  8.060412366789595  5.654857214870077  0.1502992995054765
6  0.0  23.84141207967534  9.198376711104013  5.653001093840158  0.2087549593230923
7  0.0  17.93942056187287  7.2929964351748024  5.655554354761126  -0.12126392844736868
8  0.0  19.10602848483542  8.411899099456763  5.65465208352893  -0.1578284329325357
9  0.0  22.012214200531503  11.594786048176282  5.6568536295552665  0.0026483556042976196
10  0.0  16.519754329265098  7.593055945670103  5.651432211894509  -0.247616547026159
10
4.0
1  0.0  28.003001700995096  14.583260784314287  5.655531810756929  0.12231082338228137
2  0.0  25.23240405480398  7.290491274684883  5.656308867401311  0.07854932563238474
3  0.0  25.284961040968316  7.632526736016563  5.6500682221587715  0.2770001533422205
4  0.0  20.880677740113924  9.799086761127429  5.6558785929312725  -0.10505875509342373
5  0.0  30.6668712227552  8.210711666295072  5.656842117297743  -0.01171579986136517
6  0.0  29.494413173515497  9.407131670427106  5.650376861342119  -0.27063134483940154
7  0.0  23.594974916633994  7.171732506727434  5.655132705892875  0.13954955657672607
8  0.0  24.76068056836435  8.254070666524226  5.655021794879643  -0.14397395402026134
9  0.0  27.669067830086767  11.597434403780579  5.656853194820798  0.003454308286422878
10  0.0  22.171186541159607  7.3454393986439435  5.656475986133211  0.06541726299944885
10
5.0
1  0.0  33.658533511752026  14.70557160769657  5.654759655078176  -0.1539260968781912
2  0.0  30.88871292220529  7.369040600317268  5.6536904749010874  0.18916663028324984
3  0.0  30.93502926312709  7.909526889358784  5.656854196265758  -7.760093293713149E-4
4  0.0  26.536556333045198  9.694028006034005  5.656243973275316  -0.0830910030429316
5  0.0  36.32371334005295  8.198995866433707  5.656809741078793  0.022439991891207718
6  0.0  35.144790034857614  9.136500325587704  5.655727489260234  0.11290069630495032
7  0.0  29.25010762252687  7.3112820633041595  5.652758789156115  0.21521633678304627
8  0.0  30.415702363243994  8.110096712503966  5.656122859000322  0.09096265109383957
9  0.0  33.325921024907565  11.600888712067002  5.653937730787454  0.18162636476575647
10  0.0  27.827662527292816  7.410856661643392  5.656821487846881  0.019252392937586838
10
6.0
1  0.0  39.3132931668302  14.551645510818378  5.654170011026341  -0.1742454774460048
2  0.0  36.542403397106376  7.558207230600518  5.649852340745155  0.281369024195102
3  0.0  36.59188345939285  7.908750880029412  5.650205692855007  0.2741817434273489
4  0.0  32.192800306320514  9.610937002991074  5.651520337798442  0.24559696954684715
5  0.0  41.98052308113174  8.221435858324915  5.652173998936602  -0.23006322119151582
6  0.0  40.80051752411785  9.249401021892654  5.656850248581405  0.006727936125716079
7  0.0  34.902866411682986  7.526498400087206  5.655903099191584  -0.10373105877727325
8  0.0  36.071825222244314  8.201059363597805  5.655052857825323  0.14274864343186736
9  0.0  38.97985875569502  11.782515076832759  5.653574312824377  0.19260708546774807
10  0.0  33.4844840151397  7.43010905458098  5.656611400365973  -0.052416268941288216
10
7.0
1  0.0  44.967463177856544  14.377400033372373  5.6560396089766005  -0.09599969629029016
2  0.0  42.19225573785153  7.839576254795619  5.653530754308227  -0.1938814330745807
3  0.0  42.24208915224786  8.182932623456761  5.656117718444441  -0.09128173474927512
4  0.0  37.84432064411896  9.856533972537921  5.656851904939236  -0.005150299539757617
5  0.0  47.63269708006835  7.991372637133399  5.652394111864228  -0.22459030291311785
6  0.0  46.45736777269926  9.256128958018369  5.655870581662631  0.10548916287098876
7  0.0  40.55876951087457  7.422767341309933  5.651025412874313  -0.25673290215459726
8  0.0  41.72687808006964  8.343808007029672  5.6563174769858895  0.07792688588655784
9  0.0  44.633433068519395  11.975122162300506  5.655901657969526  0.1038096112003357
10  0.0  39.141095415505674  7.377692785639692  5.654447235510083  0.16500442670550208
10
8.0
1  0.0  50.62350278683314  14.281400337082083  5.6504045667413685  -0.2700522766952591
2  0.0  47.84578649215976  7.6456948217210385  5.6557015255385314  0.11419393163008774
3  0.0  47.8982068706923  8.091650888707486  5.656812988774083  0.021605787114087817
4  0.0  43.5011725490582  9.851383672998164  5.656695524636138  -0.042376190974443756
5  0.0  53.28509119193257  7.766782334220281  5.6513411118248245  0.24968707975896953
6  0.0  52.11323835436189  9.361618120889357  5.65024807216641  -0.27330701231357724
7  0.0  46.20979492374888  7.166034439155335  5.656715523755241  -0.03961670489187247
8  0.0  47.38319555705553  8.42173489291623  5.651063363352709  0.2558961964796746
9  0.0  50.28933472648892  12.078931773500841  5.652448810393518  -0.22320942157736606
10  0.0  44.79554265101576  7.542697212345193  5.656036660297313  -0.09617326745434268
10
9.0
1  0.0  56.273907353574515  14.011348060386824  5.654945665993667  0.1469337083838993
2  0.0  53.50148801769829  7.7598887533511265  5.6498319248543885  -0.28177867360068665
3  0.0  53.555019859466384  8.113256675821575  5.654674398062771  0.15702691455109402
4  0.0  49.15786807369433  9.80900748202372  5.650551491554392  -0.26696037401167116
5  0.0  58.9364323037574  8.01646941397925  5.656240176736248  0.08334904363402429
6  0.0  57.7634864265283  9.08831110857578  5.6544956016086925  0.16333857899454357
7  0.0  51.86651044750412  7.1264177342634625  5.654225353076151  -0.17244029874395073
8  0.0  53.03425892040824  8.677631089395906  5.655897918816106  -0.10401313345745547
9  0.0  55.94178353688243  11.855722351923475  5.653738232496919  -0.18773384991157718
10  0.0  50.45157931131307  7.446523944890851  5.656276323682103  -0.08085882854264802
10
10.0
1  0.0  61.92885301956818  14.158281768770724  5.654254084264769  -0.17149562844334354
2  0.0  59.15131994255268  7.47811007975044  5.6506868822025655  0.264079077747293
3  0.0  59.20969425752916  8.270283590372669  5.655390578339482  0.12867558598674364
4  0.0  54.80841956524873  9.54204710801205  5.653861490641981  0.18398435975824406
5  0.0  64.59267248049365  8.099818457613274  5.656850776198134  0.00626863833592798
6  0.0  63.417982028137  9.251649687570325  5.656682061929033  0.04413672224245041
7  0.0  57.52073580058027  6.953977435519512  5.6521024631010715  0.23181403453377872
8  0.0  58.69015683922435  8.57361795593845  5.656722774320812  -0.03856753142548146
9  0.0  61.59552176937935  11.667988502011898  5.650948970386894  0.25841001157714644
10  0.0  56.107855634995175  7.365665116348203  5.651460791554648  0.2469634011762455
10
11.0
1  0.0  67.58310710383294  13.98678614032738  5.656078684667478  -0.09366916701995344
2  0.0  64.80200682475525  7.742189157497733  5.6539552626976  -0.18107978190322185
3  0.0  64.86508483586864  8.398959176359412  5.656247961841499  0.08281904469317872
4  0.0  60.462281055890706  9.726031467770293  5.656823104372543  0.018771410096298752
5  0.0  70.24952325669179  8.106087095949203  5.653090042621969  0.2063321836465715
6  0.0  69.07466409006602  9.295786409812775  5.65466174076076  0.15748205477602853
7  0.0  63.17283826368134  7.1857914700532906  5.654014318841527  -0.17922634386444924
8  0.0  64.34687961354516  8.535050424512969  5.656719651527208  -0.039022865424081635
9  0.0  67.24647073976625  11.926398513589044  5.651475420806269  -0.24662840068128739
10  0.0  61.75931642654982  7.612628517524448  5.652308039641036  0.2267461686762029
10
12.0
1  0.0  73.23918578850042  13.893116973307427  5.654122592048953  -0.17577745612460433
2  0.0  70.45596208745286  7.561109375594511  5.650360067995005  -0.27098173740585335
3  0.0  70.52133279771014  8.481778221052592  5.651510156283521  0.24583114819773727
4  0.0  66.11910416026325  9.744802877866592  5.6551137666587055  -0.14031495339840355
5  0.0  75.90261329931376  8.312419279595774  5.652934539874972  -0.21054949035451795
6  0.0  74.72932583082678  9.453268464588804  5.65591537866148  -0.10305934902061391
7  0.0  68.82685258252287  7.006565126188841  5.654781043846866  0.1531383235841733
8  0.0  70.00359926507237  8.496027559088887  5.651741828635356  0.24044604894546703
9  0.0  72.89794616057252  11.679770112907757  5.650862431925615  0.26029555403756677
10  0.0  67.41162446619086  7.839374686200651  5.654318194373019  0.16936870071612387
10
13.0
1  0.0  78.89330838054937  13.717339517182822  5.6501456850164455  0.27541557343411827
2  0.0  76.10632215544787  7.2901276381886575  5.656772319629182  -0.03044542456754442
3  0.0  76.17284295399367  8.72760936925033  5.654778221210723  -0.1532425166880672
4  0.0  71.77421792692195  9.604487924468188  5.650613715640707  -0.2656400508453664
5  0.0  81.55554783918873  8.101869789241256  5.654566851389451  -0.16085311053132245
6  0.0  80.38524120948826  9.350209115568191  5.655050722224298  -0.1428332211722326
7  0.0  74.48163362636974  7.159703449773014  5.656378044948376  0.07339899608317271
8  0.0  75.65534109370772  8.736473608034354  5.650595436166661  -0.2660286014181612
9  0.0  78.54880859249813  11.940065666945324  5.653572986344764  -0.19264601753669452
10  0.0  73.06594266056388  8.008743386916775  5.651060924757327  -0.2559500433305213
10
14.0
1  0.0  84.54345406556581  13.99275509061694  5.652294764185336  -0.2270768565112652
2  0.0  81.76309447507705  7.259682213621113  5.65291930488963  -0.21095812950952816
3  0.0  81.82762117520438  8.574366852562262  5.656715579201044  0.03960878720946103
4  0.0  77.42483164256265  9.338847873622822  5.654559573672039  0.16110874524336571
5  0.0  87.21011469057818  7.941016678709934  5.653317341295713  0.2000075963686866
6  0.0  86.04029193171256  9.207375894395959  5.654940585596733  -0.1471291044317218
7  0.0  80.13801167131811  7.233102445856186  5.650223763476819  -0.27380909890263444
8  0.0  81.30593652987437  8.470445006616192  5.656556844714095  0.05800571108195373
9  0.0  84.2023815788429  11.74741964940863  5.651216982924884  -0.2524809139348168
10  0.0  78.71700358532121  7.752793343586253  5.653830989348427  -0.18491929018740735
10
15.0
1  0.0  90.19574882975115  13.765678234105675  5.655946705202057  -0.10132555410162236
2  0.0  87.41601377996669  7.048724084111585  5.656659343509868  0.04695818866313044
3  0.0  87.48433675440543  8.613975639771724  5.654756950014071  -0.15402544032583887
4  0.0  83.07939121623468  9.499956618866188  5.651981522636706  0.23474426036279436
5  0.0  92.8634320318739  8.141024275078621  5.656335148610661  0.07663345608553773
6  0.0  91.6952325173093  9.060246789964237  5.651271967850251  -0.25124717986467904
7  0.0  85.78823543479493  6.959293346953552  5.655859169005979  0.10609929486579416
8  0.0  86.96249337458846  8.528450717698146  5.6553942528272545  -0.12851398790975505
9  0.0  89.85359856176778  11.494938735473815  5.6568457004450625  -0.009834701632888583
10  0.0  84.37083457466963  7.567874053398846  5.656819734152606  -0.01976095396653727
10
16.0
1  0.0  95.85169553495321  13.664352680004052  5.656320495887421  -0.07770745011827815
2  0.0  93.07267312347656  7.095682272774716  5.656835377156142  -0.0146121783025648
3  0.0  93.13909370441951  8.459950199445885  5.654496542614589  -0.16330599976630522
4  0.0  88.73137273887139  9.734700879228981  5.6533296285568095  -0.1996599881842448
5  0.0  98.51976718048456  8.21765773116416  5.652629640107152  -0.21858213966857365
6  0.0  97.34650448515954  8.808999610099558  5.656433271213144  -0.06901194326328842
7  0.0  91.4440946038009  7.065392641819346  5.655366824937029  -0.12971536301340034
8  0.0  92.61788762741571  8.39993672978839  5.656417442413649  0.07029734816215089
9  0.0  95.51044426221284  11.485104033840926  5.652623133770433  -0.2187503315730624
10  0.0  90.02765430882224  7.5481130994323085  5.656479505512831  0.06511223935133188
10
17.0
1  0.0  1.508016030840622  13.586645229885773  5.655413774546087  -0.1276520218186588
2  0.0  98.7295085006327  7.0810700944721505  5.653709335083929  0.18860210599261604
3  0.0  98.7935902470341  8.29664419967958  5.6551311442382355  0.13961282701369074
4  0.0  94.38470236742819  9.535040891044737  5.653949499833769  0.18125962961860353
5  0.0  4.172396820591715  7.999075591495586  5.656708334787021  0.04063022460005035
6  0.0  3.0029377563726882  8.73998766683627  5.656696907805939  0.04219115095294409
7  0.0  97.09946142873794  6.9356772788059455  5.651634481518597  -0.24295614277075836
8  0.0  98.27430506982937  8.470234077950542  5.6527032896248794  -0.2166691474669786
9  0.0  1.1630673959832762  11.266353702267864  5.656628402799131  0.05054812208326949
10  0.0  95.68413381433507  7.61322533878364  5.65490661571331  -0.14842899838597198
10
18.0
1  0.0  7.163429805386709  13.458993208067115  5.65422523170834  -0.1724442782837068
2  0.0  4.383217835716636  7.2696722004647665  5.649933860838719  -0.279727310336481
3  0.0  4.448721391272343  8.436257026693271  5.653137347805224  0.2050320142068654
4  0.0  0.03865186726196157  9.71630052066334  5.656815053401295  0.021058290825806306
5  0.0  9.829105155378736  8.039705816095637  5.656687556200023  0.04342685265844686
6  0.0  8.659634664178627  8.782178817789214  5.652609096814709  0.21911275318339615
7  0.0  2.751095910256538  6.692721136035187  5.655298193265601  -0.13267383030143706
8  0.0  3.9270083594542484  8.253564930483563  5.65336404747094  0.19868303088840347
9  0.0  6.819695798782408  11.316901824351133  5.656215938860442  0.08497795585373599
10  0.0  1.3390404300483851  7.464796340397668  5.656547167122364  0.05894188765198143
10
19.0
1  0.0  12.817655037095049  13.286548929783407  5.655097443980996  -0.14097127040512383
2  0.0  10.033151696555354  6.989944890128285  5.651281647984327  -0.2510293511833688
3  0.0  10.101858739077567  8.641289040900137  5.6556282565829274  -0.11776681765577125
4  0.0  5.695466920663256  9.737358811489147  5.655853801972864  0.10638501167505869
5  0.0  15.485792711578759  8.083132668754084  5.65672820830666  -0.03776211524434387
6  0.0  14.312243760993336  9.00129157097261  5.656373774332139  -0.07372736973193231
7  0.0  8.406394103522139  6.56004730573375  5.652239311716711  0.22845297784056187
8  0.0  9.58037240692519  8.452247961371967  5.656395847042761  -0.07201403722476603
9  0.0  12.47591173764285  11.401879780204869  5.653838867229982  0.18467826997126888
10  0.0  6.995587597170749  7.523738228049649  5.650247932283566  0.27330990418441703
10
20.0
1  0.0  18.472752481076043  13.145577659378283  5.653311282285547  -0.20017878404807044
2  0.0  15.68443334453968  6.738915538944917  5.650203128881823  0.2742345754533122
3  0.0  15.757486995660495  8.523522223244365  5.656743395035508  -0.03541415991048201
4  0.0  11.351320722636121  9.843743823164205  5.6522851697402885  -0.22731555145655802
5  0.0  21.14252091988542  8.04537055350974  5.655328107740033  -0.13139251807290958
6  0.0  19.968617535325475  8.927564201240678  5.655508775352019  0.1233713577630755
7  0.0  14.05863341523885  6.7885002835743125  5.652681067066422  0.21724813929892925
8  0.0  15.23676825396795  8.3802339241472  5.656753292104807  0.033796335029610616
9  0.0  18.129750604872832  11.586558050176137  5.654088471085642  -0.17687159505248543
10  0.0  12.645835529454315  7.797048132234067  5.65683041305189  -0.016421874777005747
10
21.0
1  0.0  24.12606376336159  12.945398875330213  5.6530097086800986  -0.20852154221703992
2  0.0  21.334636473421504  7.013150114398229  5.6499839762419635  -0.27871323651569696
3  0.0  21.414230390696  8.488108063333883  5.652610359398309  -0.21908017898231824
4  0.0  17.00360589237641  9.616428271707647  5.651949764313021  -0.23550766798978062
5  0.0  26.797849027625453  7.91397803543683  5.654324800504159  0.16914801330078644
6  0.0  25.624126310677493  9.050935559003753  5.649985624521372  0.2786798211242443
7  0.0  19.711314482305273  7.005748422873242  5.6567324609140925  0.03711961261679495
8  0.0  20.89352154607276  8.41403025917681  5.650289563591848  -0.2724478804561627
9  0.0  23.783839075958475  11.409686455123651  5.653059032315237  -0.20718005975262216
10  0.0  18.302665942506206  7.780626257457061  5.656089086052258  0.09303897377190763
10
22.0
1  0.0  29.779073472041688  12.736877333113172  5.656733465143454  0.036966259293506644
2  0.0  26.984620449663467  6.7344368778825325  5.652882107122519  -0.2119525488737243
3  0.0  27.06684075009431  8.269027884351564  5.655337273921024  -0.13099739768228047
4  0.0  22.65555565668943  9.380920603717867  5.650334299561535  -0.27151851354642237
5  0.0  32.45217382812961  8.083126048737617  5.654103206633935  -0.17639991137145722
6  0.0  31.274111935198867  9.329615380127997  5.65423978252897  0.17196651321332132
7  0.0  25.368046943219365  7.042868035490037  5.653161289919072  -0.20437081533468487
8  0.0  26.543811109664606  8.141582378720647  5.6524090242037275  -0.22421468083128376
9  0.0  29.436898108273713  11.20250639537103  5.654943089315354  -0.14703284192492186
10  0.0  23.958755028558464  7.873665231228968  5.6521683248548  -0.23020257928202154
10
23.0
1  0.0  35.43580693718514  12.77384359240668  5.65570086228413  0.11422677601409408
2  0.0  32.63750255678599  6.522484329008808  5.650173378657832  -0.27484685027546
3  0.0  32.722178024015335  8.138030486669283  5.655805643521116  -0.10891520883098259
4  0.0  28.305889956250965  9.109402090171445  5.655535323688897  0.1221482808193205
5  0.0  38.106277034763544  7.906726137366159  5.656824625237746  -0.01830735654946095
6  0.0  36.928351717727836  9.501581893341319  5.654194705505552  0.17344230231691674
7  0.0  31.021208233138438  6.838497220155352  5.651286167638568  0.2509275820969253
8  0.0  32.19622013386834  7.917367697889364  5.654833320759509  0.15119561643113508
9  0.0  35.09184119758907  11.055473553446108  5.650106949658384  0.2762090828014722
10  0.0  29.610923353413263  7.643462651946947  5.650249799346625  -0.2732713028904165
10
24.0
1  0.0  41.09150779946927  12.888070368420774  5.656621786362407  -0.051283194617742486
2  0.0  38.28767593544382  6.247637478733348  5.653333027143438  0.19956373470453714
3  0.0  38.377983667536455  8.0291152778383  5.655051880902066  0.14278733944576838
4  0.0  33.96142527993986  9.231550370990766  5.652006972974737  -0.23413068454379155
5  0.0  43.76310166000129  7.888418780816698  5.653791145955636  -0.1861334948730631
6  0.0  42.58254642323339  9.675024195658235  5.656712774201256  -0.040007376674161814
7  0.0  36.672494400777005  7.089424802252277  5.656459722599985  -0.06680873149615571
8  0.0  37.851053454627845  8.0685633143205  5.655819083642861  0.10821503177119232
9  0.0  40.741948147247456  11.33168263624758  5.656822767775218  0.018872572159962967
10  0.0  35.26117315275989  7.3701913490565305  5.656559422626132  -0.05775377303281049
10
25.0
1  0.0  46.74812958583168  12.836787173803032  5.656703607141334  0.04128318004029263
2  0.0  43.94100896258726  6.447201213437886  5.656288063190196  -0.0800334068505465
3  0.0  44.03303554843852  8.171902617284069  5.654363499996749  -0.16784936670868228
4  0.0  39.6134322529146  8.997419686446975  5.656822706051848  -0.01889106392579511
5  0.0  49.41689280595693  7.702285285943635  5.652398282661429  -0.22448530946619707
6  0.0  48.23925919743464  9.635016818984074  5.656754852496043  0.033534143234787005
7  0.0  42.32895412337699  7.022616070756121  5.655585088898192  -0.11982196056002932
8  0.0  43.506872538270706  8.176778346091693  5.652571200933747  0.22008820589577857
9  0.0  46.39877091502267  11.350555208407544  5.6568377058056925  0.013681015130464194
10  0.0  40.91773257538602  7.31243757602372  5.655239541436819  -0.1351507638509025
10
26.0
1  0.0  52.40483319297301  12.878070353843324  5.654950041423184  -0.1467652172960339
2  0.0  49.59729702577746  6.367167806587339  5.656120206594302  0.09112743031399383
3  0.0  49.68739904843527  8.004053250575387  5.656394488486376  -0.07212066708606467
4  0.0  45.27025495896645  8.97852862252118  5.651923461864254  0.23613805544295402
5  0.0  55.06929108861836  7.477799976477438  5.650537498882641  0.26725638200257384
6  0.0  53.896014049930685  9.66855096221886  5.651798279670247  0.23911546565720035
7  0.0  47.98453921227518  6.9027941101960915  5.65570071784132  -0.11423392757493385
8  0.0  49.159443739204455  8.396866551987472  5.653554974469073  -0.19317388709657746
9  0.0  52.055608620828366  11.364236223538008  5.65121057394281  -0.25262432376356
10  0.0  46.57297211682284  7.1772868121728175  5.652907054556645  -0.21128613902410107
10
27.0
1  0.0  58.05978323439619  12.73130513654729  5.652160168891039  -0.23040274564693003
2  0.0  55.25341723237176  6.458295236901333  5.656287699408141  -0.08005911268659459
3  0.0  55.343793536921645  7.931932583489322  5.6567808902774415  0.02880901581024916
4  0.0  50.922178420830704  9.214666677964134  5.65091092348383  -0.2592406890345931
5  0.0  60.719828587501  7.745056358480012  5.65519902185169  0.1368357528122304
6  0.0  59.54781232960093  9.90766642787606  5.656582860163484  0.055410703882256135
7  0.0  53.6402399301165  6.788560182621158  5.656245413502798  -0.08299290468815629
8  0.0  54.81299871367353  8.203692664890895  5.655696735284418  0.11443093328806933
9  0.0  57.70681919477118  11.111611899774447  5.656783666012265  -0.028258732046132697
10  0.0  52.22587917137948  6.9660006731487165  5.656827262114617  0.01747359713529504
10
28.0
1  0.0  63.71194340328723  12.50090239090036  5.651966069530173  -0.2351160328001126
2  0.0  60.9097049317799  6.378236124214738  5.653576978944384  -0.19252881122078702
3  0.0  61.00057442719908  7.960741599299571  5.656021659645616  -0.0970514586167627
4  0.0  56.57308934431453  8.955425988929541  5.65433468790732  -0.16881717071444977
5  0.0  66.37502760935268  7.881892111292243  5.656649572925129  -0.04812077644796629
6  0.0  65.20439518976441  9.963077131758316  5.654356544598705  0.1680835106541435
7  0.0  59.296485343619295  6.705567277933001  5.655010647395021  -0.14441114170649774
8  0.0  60.468695448957945  8.318123598178964  5.653590388132626  -0.19213464865660274
9  0.0  63.363602860783445  11.083353167728314  5.656843781665753  0.010882547014354383
10  0.0  57.8827064334941  6.983474270284011  5.65450276150645  -0.16309052736421295
10
29.0
1  0.0  69.3639094728174  12.265786358100247  5.650717495589732  -0.26342320519674267
2  0.0  66.56328191072429  6.1857073129939515  5.655731963381977  0.11267634347745323
3  0.0  66.6565960868447  7.863690140682809  5.653780810901979  0.1864471567939702
4  0.0  62.227424032221855  8.786608818215091  5.653816982512946  -0.1853470481238441
5  0.0  72.03167718227782  7.833771334844276  5.651656049363239  -0.2424539125192786
6  0.0  70.85875173436311  10.13116064241246  5.651740572680264  -0.2404755686546617
7  0.0  64.95149599101431  6.561156136226503  5.6568532678897965  -0.0033325012458290493
8  0.0  66.12228583709057  8.12598894952236  5.65662300208058  0.05114892308649362
9  0.0  69.0204466424492  11.094235714742668  5.653669149822572  0.1898029092098562
10  0.0  63.53720919500055  6.820383742919798  5.65436753203734  0.16771348378101758
10
30.0
1  0.0  75.01462696840713  12.002363152903504  5.653503318455879  -0.19467980945231095
2  0.0  72.21901387410627  6.298383656471405  5.656806467966329  0.0232504618083901
3  0.0  72.31037689774668  8.050137297476779  5.653773489365261  -0.186669041221487
4  0.0  67.8812410147348  8.601261770091247  5.656444075259324  0.06812065372345258
5  0.0  77.68333323164106  7.591317422324998  5.651807532387512  -0.23889666562719258
6  0.0  76.51049230704338  9.8906850737578  5.656290938900783  0.07982990986414784
7  0.0  70.60834925890411  6.557823634980674  5.650699579932722  0.2638072352081851
8  0.0  71.77890883917115  8.177137872608855  5.654767209870716  0.15364830676249444
9  0.0  74.67411579227178  11.284038623952524  5.650937268348616  -0.2586657866604726
10  0.0  69.19157672703788  6.988097226700816  5.650896363020224  -0.25955788257113127
10
31.0
1  0.0  80.668130286863  11.807683343451194  5.652626623240296  0.2186601432246712
2  0.0  77.8758203420726  6.321634118279794  5.656788055414067  -0.027365966541392547
3  0.0  77.96415038711194  7.863468256255292  5.655686225030235  -0.11494922358697228
4  0.0  73.53768508999413  8.6693824238147  5.651339747750038  -0.2497179518988415
5  0.0  83.33514076402857  7.352420756697805  5.650374353213478  -0.27068370572933914
6  0.0  82.16678324594416  9.970514983621948  5.654918840175796  -0.14796253250352853
7  0.0  76.25904883883683  6.8216308701888595  5.655482436362661  0.12457291837913037
8  0.0  77.43367604904186  8.33078617937135  5.655604212226549  0.11891591418031804
9  0.0  80.32505306062039  11.025372837292052  5.655594634615669  0.11937055292849558
10  0.0  74.8424730900581  6.728539344129685  5.655990742592324  0.09883683377131586
10
32.0
1  0.0  86.3207569101033  12.026343486675865  5.655331170614758  -0.13126062118218873
2  0.0  83.53260839748667  6.294268151738402  5.65102609212765  -0.2567179504680225
3  0.0  83.61983661214218  7.7485190326683195  5.656118968697092  -0.09120423205611279
4  0.0  79.18902483774417  8.419664471915858  5.656590882634499  -0.054585588723338616
5  0.0  88.98551511724204  7.081737050968466  5.656847992330456  -0.008413778395776778
6  0.0  87.82170208611996  9.822552451118419  5.652939274394889  0.2104223372263769
7  0.0  81.9145312751995  6.94620378856799  5.656372577803441  -0.07381911048826036
8  0.0  83.08928026126841  8.449702093551668  5.65675086093997  0.03420083705018559
9  0.0  85.98064769523606  11.144743390220547  5.655291983479005  -0.13293826235553374
10  0.0  80.49846383265043  6.827376177901001  5.655885045373483  -0.10471080899602729
10
33.0
1  0.0  91.97608808071806  11.895082865493675  5.653224252317658  0.20262169925128296
2  0.0  89.18363448961432  6.0375502012703794  5.653510635752532  -0.19446719886141278
3  0.0  89.27595558083927  7.657314800612207  5.656186831356855  0.08689377874905839
4  0.0  84.84561572037867  8.36507888319252  5.656820429083313  -0.019561009833578114
5  0.0  94.6423631095725  7.073323272572689  5.656829016246984  0.016896181408055887
6  0.0  93.47464136051485  10.032974788344795  5.653354205764644  -0.1989628713183511
7  0.0  87.57090385300293  6.8723846780797295  5.653554204583278  0.19319641776897165
8  0.0  88.74603112220838  8.483902930601854  5.654145648946131  -0.17503422666311005
9  0.0  91.63593967871506  11.011805127865014  5.656567387623499  -0.05696831816252383
10  0.0  86.15434887802391  6.722665368904973  5.656158159582151  -0.0887404856435989
10
34.0
1  0.0  97.62931233303571  12.097704564744959  5.6525291062576555  0.22116668580520538
2  0.0  94.83714512536685  5.843083002408966  5.656587054099973  0.054980900216203825
3  0.0  94.93214241219613  7.744208579361265  5.655578733026996  0.12012158229376337
4  0.0  90.50243614946199  8.345517873358942  5.6548670787082385  0.14992772305939692
5  0.0  0.29919212581948784  7.090219453980745  5.653506864705521  0.19457679904746802
6  0.0  99.1279955662795  9.834011917026444  5.65620143025123  -0.0859382360999823
7  0.0  93.2244580575862  7.065581095848701  5.655620111083809  0.11815734892250705
8  0.0  94.4001767711545  8.308868703938744  5.656137241123426  0.09006391939449644
9  0.0  97.29250706633856  10.95483680970249  5.656847509100003  0.008732627846238678
10  0.0  91.81050703760606  6.633924883261375  5.6565970579012355  -0.053941862621624675
10
35.0
1  0.0  3.2818414392933732  12.318871250550163  5.653803215799247  -0.18576651210086964
2  0.0  0.4937321794668179  5.89806390262517  5.655432005535235  -0.12684175482748977
3  0.0  0.5877211452231279  7.864330161655029  5.655715677406184  0.11349086457464726
4  0.0  96.15730322817022  8.495445596418339  5.656844728404566  0.010378763003999637
5  0.0  5.9526989905250085  7.284796253028213  5.651613866063914  0.24343522529432213
6  0.0  4.784196996530724  9.748073680926462  5.653217461923027  -0.20281106530120374
7  0.0  98.88007816867001  7.183738444771208  5.656790518719354  -0.026851952011939115
8  0.0  0.05631401227793731  8.398932623333241  5.653635757129315  -0.1907949834478352
9  0.0  2.949354575438562  10.96356943754873  5.6559702763744255  -0.10000116383834767
10  0.0  97.4671040955073  6.57998302063975  5.656327181440236  -0.07721927544568503
10
36.0
1  0.0  8.93564465509262  12.133104738449294  5.650356082296385  0.2710648322011991
2  0.0  6.149164185002053  5.77122214779768  5.65606026527097  0.09477486809747404
3  0.0  6.243436822629312  7.977821026229676  5.656844881488166  -0.01029498815569689
4  0.0  1.8141479565747858  8.505824359422338  5.656603150080108  -0.05329917920404502
5  0.0  11.604312856588923  7.528231478322534  5.6539731309883825  -0.1805210072579535
6  0.0  10.437414458453752  9.545262615625258  5.654966440492257  -0.14613198454264517
7  0.0  4.536868687389358  7.156886492759269  5.656416001589675  0.07041318740330534
8  0.0  5.7099497694072525  8.208137639885406  5.656350071406731  0.07552396769963075
9  0.0  8.605324851812988  10.863568273710381  5.654908502953416  -0.14835708013162727
10  0.0  3.123431276947528  6.5027637451940645  5.65418270404382  0.1738331075822896
10
37.0
1  0.0  14.586000737389005  12.404169570650494  5.649930034575301  -0.27980458252850277
2  0.0  11.805224450273023  5.865997015895154  5.654152221640635  -0.17482177929616122
3  0.0  11.900281704117479  7.967526038073979  5.656741683508082  -0.03568649691604216
4  0.0  7.470751106654894  8.452525180218293  5.656572575032443  0.056450893623289616
5  0.0  17.258285987577306  7.34771047106458  5.653117447329657  -0.20557997640097947
6  0.0  16.092380898946008  9.399130631082613  5.653759451471155  0.18709373292717715
7  0.0  10.193284688979034  7.227299680162575  5.6536970137459495  0.18897110033059727
8  0.0  11.366299840813983  8.283661607585037  5.656612383925552  0.05231001835318952
9  0.0  14.260233354766402  10.715211193578755  5.6511674404708785  -0.25358738091996547
10  0.0  8.777613980991347  6.676596852776354  5.656369678958417  -0.0740409005878353
10
38.0
1  0.0  20.235930771964306  12.124364988121991  5.6551884592795405  -0.13727159222327942
2  0.0  17.45937667191366  5.691175236598992  5.655560844917938  0.12096085908718182
3  0.0  17.557023387625563  7.931839541157937  5.6548845916785835  0.14926571875730935
4  0.0  13.127323681687336  8.508976073841582  5.65653221289431  -0.06035995766263988
5  0.0  22.911403434906962  7.142130494663601  5.65685415607972  0.001028028991832277
6  0.0  21.746140350417164  9.58622436400979  5.656664346093761  0.04635165187642233
7  0.0  15.846981702724984  7.416270780493172  5.6566317298872  0.050174420109896964
8  0.0  17.022912224739535  8.335971625938226  5.654925451009476  -0.14770965955310755
9  0.0  19.91140079523728  10.46162381265879  5.655922185392875  -0.10268511469882215
10  0.0  14.433983659949764  6.602555952188519  5.656853766230059  -0.002338266195050764
10
39.0
1  0.0  25.891119231243845  11.987093395898713  5.656676159532223  -0.04488681521111406
2  0.0  23.114937516831596  5.812136095686174  5.652766685146203  -0.21500884470463671
3  0.0  23.211907979304147  8.081105259915246  5.656384585265861  0.07289323402588299
4  0.0  18.783855894581645  8.448616116178943  5.650328771498207  -0.27163352882069436
5  0.0  28.568257590986683  7.1431585236554325  5.653255634479503  -0.20174422228592095
6  0.0  27.402804696510927  9.632576015886213  5.656848705089482  -0.00792008380486311
7  0.0  21.503613432612184  7.4664452006030695  5.65569243142203  0.11464345230142278
8  0.0  22.67783767574901  8.188261966385118  5.654061944974497  -0.17771753540725335
9  0.0  25.567322980630156  10.358938697959967  5.651296372525945  0.25069764632943126
10  0.0  20.090837426179824  6.600217685993468  5.653955012688409  -0.18108758791152715
10
40.0
1  0.0  31.547795390776066  11.942206580687598  5.654865387172861  -0.1499915096075302
2  0.0  28.7677042019778  5.597127250981537  5.656850869743994  0.006183645902122203
3  0.0  28.86829256457001  8.15399849394113  5.651991240272708  -0.23451017010050337
4  0.0  24.43418466607985  8.17698258735825  5.656721051094515  0.038819455227633075
5  0.0  34.22151322546618  6.9414143013695115  5.656816548209666  0.020652842450334233
6  0.0  33.05965340160041  9.62465593208135  5.656774328371314  0.03006988326038284
7  0.0  27.159305864034213  7.5810886529044925  5.650711484988989  0.26355210758701886
8  0.0  28.331899620723508  8.010544430977864  5.653582191153497  0.19237569459796075
9  0.0  31.2186193531561  10.609636344289399  5.650813334390094  0.26135925443560487
10  0.0  25.744792438868235  6.419130098081941  5.655834747430316  -0.10739324820424857
10
41.0
1  0.0  37.20266077794893  11.792215071080069  5.653022258956567  -0.20818102637272953
2  0.0  34.42455507172179  5.603310896883659  5.654168453062423  -0.174296025180464
3  0.0  34.52028380484272  7.919488323840626  5.656020285939099  -0.09713148328623782
4  0.0  30.090905717174365  8.215802042585883  5.65294202052516  -0.21034855022301316
5  0.0  39.87832977367585  6.962067143819846  5.654629892967765  -0.15862147885880853
6  0.0  38.71642772997172  9.654725815341733  5.650637444137915  -0.26513482401706756
7  0.0  32.8100173490232  7.844640760491512  5.654336683534251  0.16875031626314213
8  0.0  33.98548181187701  8.202920125575826  5.653078760608397  0.20664105680682995
9  0.0  36.869432687546194  10.870995598725004  5.655348248912977  -0.13052273180157942
10  0.0  31.40062718629855  6.3117368498776925  5.656684501584024  0.043822933939937574
10
42.0
1  0.0  42.855683036905496  11.584034044707339  5.656571790465873  -0.056529455204634
2  0.0  40.078723524784216  5.429014871703195  5.656824871611249  0.01823107019329384
3  0.0  40.17630409078182  7.822356840554388  5.6549201648290754  -0.14791189745755456
4  0.0  35.743847737699525  8.00545349236287  5.656580583026718  0.055642678989280936
5  0.0  45.53295966664362  6.803445664961037  5.6550518029970585  -0.14279042481808235
6  0.0  44.367065174109634  9.389590991324665  5.654522510394705  -0.16240437013695003
7  0.0  38.46435403255745  8.013391076754655  5.654156404747021  0.17468643524402758
8  0.0  39.6385605724854  8.409561182382657  5.65340066561128  -0.19763834158876567
9  0.0  42.52478093645917  10.740472866923424  5.652807061004684  -0.21394469158080906
10  0.0  37.057311687882574  6.35555978381763  5.651157677658968  -0.2538048506946113
10
43.0
1  0.0  48.51225482737137  11.527504589502705  5.656065570657135  -0.0944577176677949
2  0.0  45.735548396395465  5.447245941896489  5.65639053757085  -0.07242987283560375
3  0.0  45.83122425561089  7.674444943096834  5.656846360306911  0.009447533140333505
4  0.0  41.40042832072624  8.061096171352151  5.6568320426956875  -0.015850575110355446
5  0.0  51.18801146964068  6.660655240142955  5.6520048656537885  -0.23418155056688994
6  0.0  50.02158768450434  9.227186621187714  5.655671934407513  0.1156502068965169
7  0.0  44.11851043730447  8.188077511998682  5.653156588871833  -0.20450081098861128
8  0.0  45.29196123809668  8.211922840793891  5.651864729651092  -0.2375396340108453
9  0.0  48.17758799746386  10.526528175342616  5.652359935095387  -0.22544880600372036
10  0.0  42.70846936554154  6.1017549331230185  5.65658709346619  0.05497684996178998
10
44.0
1  0.0  54.168320398028506  11.43304687183491  5.6517494119964145  0.24026773399315196
2  0.0  51.391938933966316  5.374816069060886  5.6567589288406435  0.03283932066430618
3  0.0  51.488070615917806  7.683892476237167  5.655610729767414  -0.11860553671596565
4  0.0  47.05726036342193  8.045245596241795  5.656835888967227  0.014412678181380686
5  0.0  56.840016335294465  6.426473689576064  5.651113659670325  0.25478305573070303
6  0.0  55.677259618911854  9.34283682808423  5.651758181833  -0.24006135483198154
7  0.0  49.7716670261763  7.983576701010071  5.65305108824804  -0.20739670599524235
8  0.0  50.94382596774778  7.974383206783045  5.654666903929995  -0.15729655304170176
9  0.0  53.82994793255925  10.301079369338895  5.654292794179619  -0.1702145636790944
10  0.0  48.36505645900773  6.156731783084808  5.65441771181413  0.16601307274629487
10
45.0
1  0.0  59.82006981002492  11.673314605828061  5.656852600086328  0.004319825989274484
2  0.0  57.04869786280696  5.407655389725192  5.653338160856079  0.19941825144263134
3  0.0  57.14368134568522  7.565286939521202  5.6553043528445555  0.1324110142601658
4  0.0  52.71409625238916  8.059658274423176  5.656281419946041  0.08050154267584461
5  0.0  62.49112999496479  6.681256745306768  5.6568523660545  -0.004616130804782068
6  0.0  61.32901780074486  9.10277547325225  5.6562250790741375  -0.08436738026504832
7  0.0  55.424718114424344  7.776179995014829  5.6568469960132175  -0.009058901492997333
8  0.0  56.59849287167777  7.8170866537413435  5.656784058746789  -0.028180005469050088
9  0.0  59.48424072673887  10.130864805659801  5.655013453770293  -0.14430120469701718
10  0.0  54.019474170821866  6.322744855831103  5.656485176085674  0.06461774309758522
10
46.0
1  0.0  65.47692241011124  11.677634431817335  5.656829185749986  -0.016839336304475348
2  0.0  62.70203602366304  5.6070736411678235  5.654889397809411  -0.14908352874395905
3  0.0  62.798985698529776  7.6976979537813675  5.6567649708448045  -0.03178151385887359
4  0.0  58.3703776723352  8.14015981709902  5.652866807721055  -0.21236019910888
5  0.0  68.14798236101929  6.676640614501986  5.656779435411609  -0.029093282804126576
6  0.0  66.985242879819  9.018408092987201  5.650126887237989  -0.2758009392847916
7  0.0  61.08156511043756  7.7671210935218316  5.653346601127242  0.199178833019675
8  0.0  62.25527693042456  7.7889066482722935  5.6514950495140095  -0.24617819830088483
9  0.0  65.13925418050916  9.986563600962784  5.655856415018979  0.1062460008126719
10  0.0  59.67595934690754  6.387362598928688  5.653296418307533  0.20059812250174638
10
47.0
1  0.0  71.13375159586123  11.66079509551286  5.6504833829425865  -0.2683980981484885
2  0.0  68.35692542147245  5.457990112423865  5.654898507527784  0.14873758623859326
3  0.0  68.45575066937458  7.665916439922494  5.6505370678141045  0.2672654958253511
4  0.0  64.02324448005626  7.92779961799014  5.652296530107724  0.22703289570497368
5  0.0  73.8047617964309  6.64754733169786  5.651234274057959  0.25209359316058244
6  0.0  72.63536976705699  8.742607153702409  5.653417669641844  -0.19715134435605752
7  0.0  66.7349117115648  7.966299926541507  5.653503697924532  0.19466878936712703
8  0.0  67.90677197993857  7.542728449971409  5.650527972827377  -0.26745771309752014
9  0.0  70.79511059552813  10.092809601775455  5.6547272456578215  0.15511214399631942
10  0.0  65.32925576521507  6.587960721430435  5.651752882739057  -0.24018607880299744
10
48.0
1  0.0  76.78423497880381  11.392396997364372  5.654129157082757  0.17556615569825543
2  0.0  74.01182392900024  5.606727698662458  5.654722669619259  0.1552788771664467
3  0.0  74.10628773718868  7.933181935747845  5.655934662389663  0.10199556254620824
4  0.0  69.67554101016398  8.154832513695114  5.656790702359483  -0.02681323738946234
5  0.0  79.45599607048885  6.899640924858442  5.655256776087765  0.1344276627536812
6  0.0  78.28878743669883  8.54545580934635  5.65659268242902  0.054398760008809305
7  0.0  72.38841540948934  8.160968715908634  5.656665060817614  -0.046264346156399884
8  0.0  73.55729995276594  7.275270736873889  5.656617355176552  -0.0517696543880498
9  0.0  76.44983784118595  10.247921745771775  5.651653456953918  -0.24251433462964084
10  0.0  70.98100864795413  6.347774642627438  5.651208005048985  0.2526817834159764
10
49.0
1  0.0  82.43836413588656  11.567963153062628  5.652464701151009  0.22280664766083022
2  0.0  79.6665465986195  5.762006575828905  5.6524557400249185  -0.22303386975835124
3  0.0  79.76222239957835  8.035177498294052  5.649834414574413  0.2817287487825636
4  0.0  75.33233171252347  8.128019276305652  5.652848988453389  -0.21283400513425088
5  0.0  85.11125284657662  7.034068587612123  5.656773162116425  0.03028848559029698
6  0.0  83.94538011912785  8.59985456935516  5.65672980131857  0.037522724773132544
7  0.0  78.04508047030696  8.114704369752234  5.653306957220192  -0.20030089227410414
8  0.0  79.2139173079425  7.223501082485839  5.655340048548009  0.13087755838581938
9  0.0  82.10149129813988  10.005407411142134  5.650686537777726  0.26408644754626937
10  0.0  76.63221665300311  6.600456426043414  5.653093340842086  0.20624179917480784
10
50.0
1  0.0  88.09082883703756  11.790769800723458  5.656416015273623  0.07041208813897434
2  0.0  85.31900233864442  5.538972706070553  5.653041496508315  0.20765798505008087
3  0.0  85.41205681415276  8.316906247076616  5.6562170631812565  0.08490308697098461
4  0.0  80.98518070097685  7.915185271171401  5.653332200231303  0.1995871584743934
5  0.0  90.76802600869304  7.06435707320242  5.654950531692097  0.14674632573005286
6  0.0  89.60210992044642  8.637377294128292  5.65049117776356  -0.26823394642774984
7  0.0  83.69838742752715  7.91440347747813  5.656437646565535  -0.06865238900560452
8  0.0  84.86925735649051  7.3543786408716585  5.656559284328071  0.05776731672775698
9  0.0  87.7521778359176  10.269493858688403  5.656833789819482  -0.015214281336513914
10  0.0  82.2853099938452  6.806698225218222  5.654906791790674  -0.14842228996921916
10
51.0
1  0.0  93.74724485231118  11.861181888862433  5.6505679025351725  0.2666127882140792
2  0.0  90.97204383515273  5.746630691120634  5.655499067911575  -0.12381555981112975
3  0.0  91.06827387733402  8.4018093340476  5.654281222094388  0.1705985388882373
4  0.0  86.63851290120816  8.114772429645795  5.64995682770078  0.27926303929688767
5  0.0  96.42297654038514  7.211103398932473  5.650994564072992  0.2574110269928281
6  0.0  95.25260109820998  8.369143347700543  5.652757231055953  0.21525725712424668
7  0.0  89.35482507409269  7.845751088472525  5.651375515345652  -0.24890718059487485
8  0.0  90.52581664081858  7.4121459575994155  5.651674569507572  0.24202181798637348
9  0.0  93.4090116257371  10.25427957735189  5.654127504032436  -0.1756193843058118
10  0.0  87.94021678563588  6.658275935249002  5.650534996505245  -0.26730928391935976
10
52.0
1  0.0  99.39781275484636  12.127794677076512  5.652256749755735  0.22802112805781455
2  0.0  96.62754290306431  5.622815131309505  5.650278029009305  -0.272686990695847
3  0.0  96.7225550994284  8.572407872935838  5.653233510523932  -0.20236322662298156
4  0.0  92.28846972890894  8.394035468942683  5.6529395701443335  -0.2104143918471508
5  0.0  2.073971104458124  7.468514425925301  5.656847136106715  -0.008970993326530551
6  0.0  0.9053583292659368  8.58440060482479  5.655324304523643  -0.13155611222666933
7  0.0  95.00620058943834  7.59684390787765  5.656451507147686  -0.06750072063833687
8  0.0  96.17749121032615  7.654167775585789  5.653843360079024  0.18454067218465636
9  0.0  99.06313912976952  10.078660193046078  5.652318835278397  -0.22647689585716113
10  0.0  93.59075178214113  6.390966651329642  5.654756342953943  0.15404772579350437
10
53.0
1  0.0  5.050069504602092  12.355815805134327  5.6540184064791195  0.1790973455842825
2  0.0  2.2778209320736096  5.350128140613657  5.653051531225452  0.20738463132451881
3  0.0  2.3757886099523375  8.370044646312856  5.656341092550395  -0.07619346904954517
4  0.0  97.94140929905328  8.183621077095532  5.655070898951942  0.14203213659902253
5  0.0  7.730818240564839  7.45954343259877  5.6558608133869575  -0.10601160122282433
6  0.0  6.56068263378958  8.452844492598121  5.654010516852973  -0.17934624422049936
7  0.0  0.6626520965860152  7.529343187239314  5.653061493218541  0.20711290131179058
8  0.0  1.8313345704051756  7.838708447770445  5.656782157307962  -0.028559144985573503
9  0.0  4.715457965047918  9.852183297188917  5.654372132936268  0.16755829515065468
10  0.0  99.24550812509507  6.545014377123147  5.655852218450531  0.10646916477654203
10
54.0
1  0.0  10.704087911081212  12.534913150718609  5.6525357574123  0.22099663159280325
2  0.0  7.930872463299061  5.5575127719381765  5.65628847230599  0.08000448773906452
3  0.0  8.032129702502733  8.29385117726331  5.65674462003255  -0.03521794617516429
4  0.0  3.5964801980052243  8.325653213694554  5.6534117725025  0.19732037535475877
5  0.0  13.386679053951797  7.353531831375946  5.65179019540376  0.2393064711576654
6  0.0  12.214693150642553  8.273498248377622  5.655617157579784  0.11829863435049506
7  0.0  6.315713589804556  7.736456088551105  5.65576731815342  -0.11088752367917977
8  0.0  7.4881167277131375  7.810149302784872  5.656277060763885  -0.0808072513843357
9  0.0  10.369830097984185  10.019741592339571  5.655926595416856  -0.10244192138141962
10  0.0  4.901360343545605  6.651483541899689  5.656535265015668  -0.060073252235361474
10
55.0
1  0.0  16.356623668493512  12.755909782311411  5.6565568245473274  0.05800767765625896
2  0.0  13.587160935605052  5.637517259677241  5.653298165885686  -0.20054886584957993
3  0.0  13.688874322535284  8.258633231088146  5.655065020943325  0.1422659794303436
4  0.0  9.249891970507726  8.522973589049313  5.650498484888484  -0.2680799736514373
5  0.0  19.038469249355558  7.592838302533612  5.653852543209593  -0.18425911006627058
6  0.0  17.870310308222336  8.391796882728118  5.656729643793952  0.037546464850589066
7  0.0  11.971480907957975  7.625568564871925  5.656528894867792  -0.06067010405285555
8  0.0  13.144393788477021  7.729342051400536  5.656798488123033  0.02511702149933559
9  0.0  16.025756693401043  9.917299670958151  5.651887717687283  0.23699203922422338
10  0.0  10.557895608561273  6.591410289664328  5.656829393546651  -0.016769385994424246
10
56.0
1  0.0  22.01318049304084  12.81391745996767  5.656825554594637  0.018017904570177122
2  0.0  19.24045910149074  5.436968393827661  5.6498542994987835  0.2813296899282499
3  0.0  19.34393934347861  8.400899210518489  5.656561968820711  -0.057503851098575205
4  0.0  14.90039045539621  8.254893615397876  5.653338105684082  -0.19941981551571683
5  0.0  24.692321792565153  7.408579192467341  5.656853722460145  0.0024418617512686398
6  0.0  23.52703995201629  8.429343347578707  5.656472792263054  -0.06569284883322728
7  0.0  17.628009802825765  7.5648984608190695  5.656834518572801  -0.014940866214934567
8  0.0  18.801192276600055  7.754459072899872  5.656820569127188  -0.019520468733634166
9  0.0  21.677644411088327  10.154291710182374  5.650237867974811  0.2735178884524499
10  0.0  16.214725002107926  6.574640903669904  5.656772357766219  0.030438337865636652
10
57.0
1  0.0  27.670006047635475  12.831935364537847  5.656573288216008  -0.05637938489515131
2  0.0  24.890313400989523  5.718298083755911  5.656839831667323  0.012771799482680233
3  0.0  25.00050131229932  8.343395359419914  5.655726530866745  -0.11294869653970215
4  0.0  20.55372856108029  8.05547379988216  5.654980506705878  0.14558663666880578
5  0.0  30.349175515025298  7.41102105421861  5.653588580520049  -0.1921878305546705
6  0.0  29.18351274427934  8.363650498745479  5.656669990401372  0.045657635643522675
7  0.0  23.284844321398566  7.549957594604135  5.656849306753224  -0.007478013478930879
8  0.0  24.458012845727243  7.734938604166238  5.650592313350566  -0.2660949234831861
9  0.0  27.32788227906314  10.427809598634823  5.653678000123805  0.18953910128550022
10  0.0  21.871497359874144  6.605079241535541  5.656833056304433  -0.01548460853411603
10
58.0
1  0.0  33.326579335851484  12.775555979642695  5.6544866590652125  0.16364786113345103
2  0.0  30.547153232656846  5.731069883238591  5.655551822816929  0.12138195678157794
3  0.0  30.656227843166064  8.230446662880212  5.656259687739749  -0.08201429662098751
4  0.0  26.20870906778617  8.201060436550966  5.654129634787518  0.17555077048413972
5  0.0  36.002764095545345  7.218833223663939  5.656168253873192  0.08809474375410703
6  0.0  34.84018273468071  8.409308134389  5.654720087729559  0.1553728722391115
7  0.0  28.94169362815179  7.542479581125204  5.652022866897565  -0.2337466835423729
8  0.0  30.10860515907781  7.468843680683052  5.6565557541059315  -0.05811196684937743
9  0.0  32.981560279186944  10.617348699920324  5.651663298840582  0.2422848665072158
10  0.0  27.528330416178576  6.589594633001425  5.654916769906346  -0.1480416341168415
10
59.0
1  0.0  38.9810659949167  12.939203840776146  5.653877218939171  0.1835003900832088
2  0.0  36.20270505547378  5.852451840020169  5.650335918271702  0.27148482589031225
3  0.0  36.31248753090581  8.148432366259224  5.656802381799577  0.024224228917257437
4  0.0  31.86283870257369  8.376611207035106  5.656795181857285  -0.02585092873026977
5  0.0  41.658932349418535  7.306927967418046  5.656817727184665  0.02032735618169205
6  0.0  40.49490282241027  8.564681006628112  5.656336928197113  0.07650199156667531
7  0.0  34.59371649504936  7.308732897582831  5.654904326058208  -0.14851620493462525
8  0.0  35.76516091318374  7.410731713833674  5.654888197995232  -0.14912903196313915
9  0.0  38.633223578027525  10.85963356642754  5.652249429043438  0.22820252382072678
10  0.0  33.18324718608492  6.441552998884583  5.656851424594855  0.005653322842384027
10
60.0
1  0.0  44.63494321385587  13.122704230859355  5.656750815244646  -0.034208394131548366
2  0.0  41.85304097374548  6.123936665910482  5.651464430809787  0.24688010712048566
3  0.0  41.96928991270539  8.17265659517648  5.656642494477371  -0.048945782993317595
4  0.0  37.519633884430974  8.350760278304836  5.655332815106225  0.13118974953366078
5  0.0  47.3157500766032  7.327255323599738  5.652620345901023  0.2188223597025923
6  0.0  46.15123975060738  8.641182998194786  5.65525869068584  0.1343470930921433
7  0.0  40.248620821107565  7.160216692648206  5.656803989488829  0.02384584876455162
8  0.0  41.420049111178976  7.261602681870535  5.653670137820379  0.1897734773832416
9  0.0  44.28547300707096  11.087836090248267  5.651327238506905  0.2500008866183158
10  0.0  38.840098610679775  6.447206321726966  5.650479954025098  0.2684702761210792
10
61.0
1  0.0  50.29169402910051  13.088495836727807  5.655276342580076  -0.1336019799783863
2  0.0  47.50450540455527  6.370816773030968  5.652412062168301  -0.22413808122295936
3  0.0  47.62593240718276  8.123710812183162  5.656570733047712  -0.056635166001974366
4  0.0  43.1749666995372  8.481950027838497  5.656597604197742  0.05388454494901511
5  0.0  52.96837042250422  7.546077683302331  5.65375334420548  -0.18727819650287017
6  0.0  51.80649844129322  8.77553009128693  5.650601705910016  0.26589539515915583
7  0.0  45.905424810596394  7.184062541412757  5.652600438854619  0.2193359949041609
8  0.0  47.07371924899935  7.451376159253777  5.655444302844766  -0.12629226983751032
9  0.0  49.93680024557787  11.337836976866583  5.652930738451271  -0.21065152805708473
10  0.0  44.490578564704876  6.715676597848046  5.65264655189944  0.2181443542688476
10
62.0
1  0.0  55.946970371680585  12.95489385674942  5.656851830628997  0.005231281810734852
2  0.0  53.15691746672357  6.146678691808009  5.656813296965666  -0.02152494535293543
3  0.0  53.282503140230475  8.067075646181188  5.65131541019087  -0.2502681252960672
4  0.0  48.83156430373494  8.535834572787513  5.656853444046217  0.003018705428384643
5  0.0  58.622123766709706  7.358799486799461  5.651861709915919  0.2376114727581767
6  0.0  57.457100147203235  9.041425486446085  5.652830270961844  -0.21333055968958692
7  0.0  51.55802524945101  7.403398536316918  5.654774659915333  0.15337387515301226
8  0.0  52.72916355184412  7.325083889416267  5.654466534805412  0.1643417377470127
9  0.0  55.589730984029146  11.127185448809499  5.650181489275635  -0.27468006525227223
10  0.0  50.14322511660431  6.933820952116894  5.656831847390619  -0.015920123970484205
10
63.0
1  0.0  61.60382220230958  12.960125138560155  5.655166607368236  -0.13816889269028496
2  0.0  58.813730763689236  6.125153746455073  5.655562284242626  0.12089354429557563
3  0.0  58.93381855042134  7.816807520885121  5.655325115241434  -0.1315212565309123
4  0.0  54.488417747781156  8.538853278215898  5.656200665087913  -0.0859885821435597
5  0.0  64.27398547662563  7.5964109595576375  5.656822468479531  0.018962070170558145
6  0.0  63.10993041816508  8.8280949267565  5.656809792270584  -0.022427083440738745
7  0.0  57.212799909366346  7.556772411469931  5.655447855180338  0.12613309373885473
8  0.0  58.38363008664953  7.48942562716328  5.650914019083362  0.2591732025637496
9  0.0  61.239912473304784  10.852505383557226  5.650774285563531  -0.2622021617263738
10  0.0  55.80005696399493  6.91790082814641  5.649900242898358  -0.2804055015456773
10
64.0
1  0.0  67.25898880967782  12.82195624586987  5.656422804089399  -0.06986459316026826
2  0.0  64.46929304793186  6.246047290750648  5.655210861968544  -0.1363455414489829
3  0.0  64.58914366566277  7.685286264354208  5.651388909152763  0.24860289118422593
4  0.0  60.14461841286907  8.452864696072337  5.656618047855623  0.051693913317166475
5  0.0  69.93080794510516  7.615373029728196  5.656156617792834  0.08883870214232059
6  0.0  68.76674021043566  8.80566784331576  5.650870987644537  0.2601097479858925
7  0.0  62.86824776454668  7.682905505208785  5.656832019506073  -0.01585884897667547
8  0.0  64.03454410573289  7.74859882972703  5.6499050812093055  0.2803079972553259
9  0.0  66.89068675886831  10.590303221830853  5.65683083790424  0.016274868222185095
10  0.0  61.44995720689329  6.637495326600733  5.65227940884073  -0.22745875317316416
10
65.0
1  0.0  72.91541161376722  12.752091652709602  5.656642760649711  0.04891501190064269
2  0.0  70.1245039099004  6.109701749301665  5.65374880770278  -0.18741509917665816
3  0.0  70.24053257481553  7.933889155538434  5.656058498168777  0.09488026819505957
4  0.0  65.8012364607247  8.504558609389504  5.655151173564562  -0.13879915032651385
5  0.0  75.58696456289799  7.704211731870516  5.655050483737162  -0.14284266303907794
6  0.0  74.4176111980802  9.065777591301652  5.655705498555384  0.11399698947961615
7  0.0  68.52507978405275  7.66704665623211  5.65644587644341  -0.06797092662578309
8  0.0  69.6844491869422  8.028906826982356  5.656367733671835  0.07418936228446868
9  0.0  72.54751759677255  10.606578090053038  5.656750605176833  0.03424311363703825
10  0.0  67.10223661573401  6.410036573427568  5.650621477101226  -0.265474899985586
10
66.0
1  0.0  78.57205437441694  12.801006664610245  5.656763044153046  0.03212261359827675
2  0.0  75.77825271760318  5.922286650125007  5.656852856180997  0.003970329570749499
3  0.0  75.89659107298431  8.028769423733493  5.655589525378953  0.11961237571370024
4  0.0  71.45638763428926  8.36575945906299  5.651630052941304  0.24305913825791595
5  0.0  81.24201504663515  7.561369068831438  5.651988138334628  0.23458491879202908
6  0.0  80.07331669663557  9.179774580781269  5.650106901625441  0.27621006535711207
7  0.0  74.18152566049616  7.5990757296063265  5.652517224825534  -0.22147014031392778
8  0.0  75.34081692061403  8.103096189266823  5.655902707530432  -0.10375241177898988
9  0.0  78.20426820194939  10.640821203690075  5.656380171702422  0.07323491770808267
10  0.0  72.75285809283524  6.144561673441983  5.65327352441211  0.20124228725862917
10
67.0
1  0.0  84.22881741856999  12.833129278208522  5.655994668270512  0.09861192876914152
2  0.0  81.43510557378417  5.926256979695756  5.656846877163965  0.009132815573470227
3  0.0  81.55218059836326  8.148381799447193  5.656328589887637  0.07711603737056955
4  0.0  77.10801768723056  8.608818597320905  5.656191928525315  -0.08656135214451018
5  0.0  86.89400318496978  7.795953987623467  5.653029147675849  0.20799388338906993
6  0.0  85.72342359826101  9.455984646138381  5.65659105520278  0.054567702901334086
7  0.0  79.8340428853217  7.377605589292399  5.65052080912715  -0.26760901632994805
8  0.0  80.99671962814446  7.999343777487834  5.656826780526488  0.01762881500144418
9  0.0  83.86064837365181  10.714056121398158  5.6559759116549495  -0.09968192804609168
10  0.0  78.40613161724735  6.345803960700612  5.655405545240093  -0.12801608831552855
10
68.0
1  0.0  89.8848120868405  12.931741206977664  5.656835623011444  -0.014516687939962776
2  0.0  87.09195245094814  5.935389795269226  5.654613907199098  -0.1591903279428403
3  0.0  87.2085091882509  8.225497836817762  5.656851314244835  0.005762683965399479
4  0.0  82.76420961575587  8.522257245176394  5.6548405765965315  0.150923998348208
5  0.0  92.54703233264563  8.003947871012537  5.656790156937049  -0.02692805934561854
6  0.0  91.38001465346379  9.510552349039715  5.656526826738227  -0.0608626189938265
7  0.0  85.48456369444884  7.109996572962451  5.656780030742583  -0.028977297872033427
8  0.0  86.65354640867095  8.016972592489278  5.654958811605957  0.14642690681757423
9  0.0  89.51662428530676  10.614374193352067  5.652779097407225  0.21468226735336918
10  0.0  84.06153716248744  6.217787872385083  5.65173339936703  -0.24064409919878957
10
69.0
1  0.0  95.54164770985194  12.9172245190377  5.656810851737396  -0.02215824149290732
2  0.0  92.74656635814723  5.776199467326386  5.651522795399435  -0.24554041028017978
3  0.0  92.86536050249573  8.231260520783161  5.653670303886384  -0.1897685299338461
4  0.0  88.4190501923524  8.673181243524603  5.656678382516385  -0.044605793029754696
5  0.0  98.20382248958268  7.977019811666918  5.656657565684413  0.04717186221987874
6  0.0  97.03654148020202  9.449689730045888  5.649969634190936  -0.2790038220533367
7  0.0  91.14134372519142  7.0810192750904175  5.654401662180833  -0.1665588266248906
8  0.0  92.3085052202769  8.163399499306852  5.655996569967821  0.09850279443886299
9  0.0  95.16940338271398  10.829056460705436  5.655999447116439  -0.09833745074257469
10  0.0  89.71327056185447  5.9771437731862935  5.6562935376480805  -0.07964556460069734
10
70.0
1  0.0  1.1984585615893337  12.895066277544794  5.6560779870258315  0.09371128364203897
2  0.0  98.39808915354666  5.530659057046206  5.651648657426741  -0.24262615894935197
3  0.0  98.51903080638212  8.041491990849314  5.65343876158575  0.1965455901306006
4  0.0  94.07572857486879  8.628575450494848  5.655066767285734  0.14219654545902732
5  0.0  3.8604800552670895  8.024191673886797  5.656846650996177  0.009271845196177903
6  0.0  2.6865111143929568  9.170685907992551  5.656747241236033  0.034794378404509836
7  0.0  96.79574538737225  6.914460448465527  5.652082712791578  -0.2322950876851052
8  0.0  97.96450179024473  8.261902293745715  5.65666002311134  -0.0468762512796357
9  0.0  0.8254028298304235  10.730719009962861  5.6538158230307625  0.18538241353215779
10  0.0  95.36956409950255  5.8974982085855965  5.652505766344183  0.2217623986291735
10
71.0
1  0.0  6.854536548615165  12.988777561186833  5.6549845826082334  -0.14542823131431237
2  0.0  4.0497378109734115  5.288032898096854  5.656773359515359  -0.030251596277225554
3  0.0  4.172469567967866  8.238037580979915  5.65655249523519  0.05842832060357074
4  0.0  99.73079534215452  8.770771995953876  5.6555365527145245  -0.1220913629619933
5  0.0  9.517326706263265  8.033463519082975  5.6568337712241235  0.015221193719957424
6  0.0  8.34325835562899  9.20548028639706  5.655795306595013  0.10945067335491836
7  0.0  2.4478281001638322  6.682165360780422  5.6567657362941155  0.03164497888970242
8  0.0  3.6211618133560677  8.215026042466079  5.650248713115671  0.27329376124368765
9  0.0  6.479218652861186  10.91610142349502  5.6556752817817655  0.11548639332306344
10  0.0  1.0220698658467313  6.11926060721477  5.656853491218307  0.002928974438301785
10
72.0
1  0.0  12.509521131223398  12.84334932987252  5.653908584850394  0.1825314059416415
2  0.0  9.70651117048877  5.257781301819628  5.656853668948899  -0.0025628303460085806
3  0.0  9.829022063203055  8.296465901583487  5.654229316978309  0.1723102754423046
4  0.0  5.386331894869045  8.648680632991882  5.65144660249348  0.24728788721832756
5  0.0  15.174160477487389  8.048684712802933  5.656528017086022  0.06075188820837816
6  0.0  13.999053662224004  9.31493095975198  5.654506004065345  0.16297806597510525
7  0.0  8.104593836457948  6.7138103396701245  5.6559396078103665  0.10172095556942606
8  0.0  9.271410526471739  8.488319803709766  5.650991129858668  0.25748640791052746
9  0.0  12.134893934642951  11.031587816818083  5.651032096789508  0.2565857382139678
10  0.0  6.678923357065038  6.122189581653071  5.653865909105536  -0.18384852964935527
10
73.0
1  0.0  18.163429716073793  13.025880735814162  5.654090485077397  -0.17680720165557137
2  0.0  15.363364839437669  5.255218471473619  5.656501040539117  0.0632137515093316
3  0.0  15.483251380181365  8.468776177025791  5.6555882583522  0.11967226908827167
4  0.0  11.037778497362524  8.895968520210209  5.650239505933869  0.27348404996305126
5  0.0  20.830688494573412  8.10943660101131  5.654472572200291  0.16413387899707702
6  0.0  19.653559666289347  9.477909025727085  5.65384272437841  -0.18456014735945545
7  0.0  13.760533444268315  6.81553129523955  5.652459469963111  0.22293932005006048
8  0.0  14.922401656330408  8.745806211620293  5.6511255986387825  0.25451811017976306
9  0.0  17.78592603143246  11.288173555032051  5.654843807574776  0.1508028909976351
10  0.0  12.332789266170575  5.938341052003716  5.656688468904311  0.043307802588077246
10
74.0
1  0.0  23.81752020115119  12.849073534158592  5.65315364761195  0.20458210208062064
2  0.0  21.019865879976784  5.318432222982951  5.656738356173609  -0.03621007862883026
3  0.0  21.138839638533565  8.588448446114063  5.65652631645035  -0.060910026306354184
4  0.0  16.688018003296392  9.16945257017326  5.656809177286805  0.022581668755671903
5  0.0  26.485161066773703  8.273570480008388  5.655583207986256  0.11991070654407188
6  0.0  25.307402390667757  9.29334887836763  5.656343418589002  0.07602059579420556
7  0.0  19.412992914231427  7.038470615289611  5.654614842305652  0.15915710847042777
8  0.0  20.57352725496919  9.000324321800056  5.6554085060086035  0.12788522262384855
9  0.0  23.440769839007235  11.438976446029686  5.656502098709318  -0.06311899315666446
10  0.0  17.989477735074885  5.981648854591794  5.65162781193771  -0.24311124065368894
10
75.0
1  0.0  29.47067384876314  13.053655636239212  5.653698413980494  -0.18892920302186206
2  0.0  26.676604236150393  5.282222144354121  5.656846176970831  -0.009556677796347134
3  0.0  26.795365954983914  8.527538419807708  5.649808207240505  -0.28225382441667257
4  0.0  22.344827180583195  9.192034238928931  5.654721424260648  -0.15532422221800732
5  0.0  32.14074427475996  8.39348118655246  5.6560124044555815  0.09758934698313361
6  0.0  30.96374580925676  9.369369474161834  5.656342358475374  -0.07609943309428237
7  0.0  25.06760775653708  7.197627723760038  5.656275938786614  0.08088574845829408
8  0.0  26.22893576097779  9.128209544423905  5.649893017977803  0.28055103886047056
9  0.0  29.097271937716553  11.375857452873023  5.65273935540699  -0.2157261686328199
10  0.0  23.641105547012597  5.738537613938105  5.656701723756454  0.04154044355525631
10
76.0
1  0.0  35.124372262743634  12.86472643321735  5.656506152495211  0.06275465547548222
2  0.0  32.33345041312123  5.272665466557774  5.656299019254816  0.07925531387238753
3  0.0  32.44517416222442  8.245284595391036  5.651980796636967  0.2347617397425719
4  0.0  27.999548604843845  9.036710016710924  5.654690736694363  -0.15643743907061033
5  0.0  37.79675667921554  8.491070533535593  5.651005880363172  0.2571624780189628
6  0.0  36.620088167732135  9.29327004106755  5.656814078385816  -0.021318596953293283
7  0.0  30.723883695323693  7.278513472218332  5.652691649717303  0.21697260936886237
8  0.0  31.878828778955594  9.408760583284376  5.6568137582612685  0.021403372305316134
9  0.0  34.75001129312354  11.160131284240203  5.656362996550206  0.07454965632116009
10  0.0  29.29780727076905  5.780078057493361  5.653699728591475  0.18888985924260632
10
77.0
1  0.0  40.780878415238845  12.927481088692831  5.652993008410494  0.20897379467793417
2  0.0  37.989749432376044  5.351920780430161  5.652752650515817  -0.2153775106328643
3  0.0  38.09715495886139  8.480046335133608  5.654220621498009  0.1725953748704468
4  0.0  33.65423934153821  8.880272577640314  5.65483436827043  0.1511564336294395
5  0.0  43.44776255957871  8.748233011554555  5.656786143339186  0.027758395590893905
6  0.0  42.27690224611795  9.271951444114258  5.6560372053165535  0.09614120903616392
7  0.0  36.376575345041  7.495486081587194  5.654945799111359  -0.1469285850774042
8  0.0  37.53564253721686  9.430163955589693  5.652662589214036  -0.2177283915801592
9  0.0  40.40637428967375  11.234680940561363  5.652341105834985  -0.22592039148373835
10  0.0  34.951506999360525  5.968967916735967  5.650047349894769  -0.2774255646963721
10
78.0
1  0.0  46.433871423649336  13.136454883370766  5.653763198430971  0.18698046974918886
2  0.0  43.64250208289186  5.136543269797297  5.656714371239846  -0.03978092769911224
3  0.0  43.751375580359394  8.652641710004055  5.654402181076318  -0.16654121003338837
4  0.0  39.30907370980864  9.031429011269754  5.650994926754317  0.2574030648554534
5  0.0  49.104548702917896  8.77599140714545  5.65524682367202  0.13484570199872212
6  0.0  47.9329394514345  9.368092653150422  5.655950952485928  -0.10108819453102928
7  0.0  42.03152114415236  7.34855749650979  5.655568168048683  0.12061797774177736
8  0.0  43.1883051264309  9.212435564009533  5.656768742453444  -0.031102964516135062
9  0.0  46.058715395508735  11.008760549077625  5.656454485212622  -0.06725070050218765
10  0.0  40.601554349255295  5.691542352039595  5.654429988011956  -0.16559441618336668
10
79.0
1  0.0  52.08763462208031  13.323435353119955  5.654273793266895  0.1708445807604761
2  0.0  49.2992164541317  5.0967623420981845  5.653521661346793  0.194146400127845
3  0.0  49.405777761435715  8.486100499970666  5.656255876248522  -0.08227674278955449
4  0.0  44.96006863656295  9.288832076125207  5.656699386946256  -0.04185744523806023
5  0.0  54.75979552658992  8.910837109144172  5.655470549343723  0.12511141237240783
6  0.0  53.58889040392043  9.267004458619393  5.654741672259358  0.15458531629320735
7  0.0  47.68708931220104  7.469175474251568  5.656524771730954  -0.06105331108251158
8  0.0  48.84507386888434  9.181332599493398  5.6567510941735035  0.03416223890326108
9  0.0  51.715169880721355  10.941509848575437  5.654356727891251  0.16807734454995524
10  0.0  46.25598433726725  5.5259479358562285  5.651580893673977  0.2441995132248579
10
80.0
1  0.0  57.741908415347204  13.494279933880431  5.653988561909072  -0.1800370567449962
2  0.0  54.952738115478496  5.29090874222603  5.656143835750382  -0.0896488109400237
3  0.0  55.06203363768424  8.403823757181112  5.653986285243813  -0.18010854026079473
4  0.0  50.61676802350921  9.246974630887147  5.655455412359918  0.12579379479495292
5  0.0  60.415266075933644  9.03594852151658  5.6511048222721225  -0.2549789946108637
6  0.0  59.243632076179786  9.4215897749126  5.652476630789845  0.2225037940681333
7  0.0  53.343614083931996  7.408122163169056  5.651705225546817  -0.2413048767158563
8  0.0  54.50182496305784  9.21549483839666  5.654436624509129  0.16536764922383837
9  0.0  57.3695266086126  11.109587193125392  5.652628844275068  -0.21860271926382813
10  0.0  51.90756523094123  5.770147449081087  5.654416242353116  0.16606311514985464
10
81.0
1  0.0  63.39589697725628  13.314242877135435  5.651975598074466  0.23488686376808038
2  0.0  60.60888195122888  5.201259931286006  5.651994095245763  -0.23444135152963091
3  0.0  60.71601992292805  8.223715216920317  5.655740218364186  -0.11226122383899452
4  0.0  56.27222343586913  9.3727684256821  5.655306282213982  -0.1323285847845098
5  0.0  66.06637089820576  8.780969526905716  5.656736431446857  -0.036509521249685234
6  0.0  64.89610870696963  9.644093568980734  5.656206551022136  0.08560053839956622
7  0.0  58.995319309478816  7.1668172864532  5.655863732803157  -0.10585573183342462
8  0.0  60.15626158756697  9.3808624876205  5.656754880220689  -0.033529466137078634
9  0.0  63.022155452887674  10.890984473861565  5.65009708589521  0.27641078119076057
10  0.0  57.561981473294345  5.936210564230941  5.655406608478284  -0.12796910869485287
10
82.0
1  0.0  69.04787257533074  13.549129740903515  5.650431162711053  -0.2694952234527415
2  0.0  66.26087604647465  4.966818579756375  5.6563244114497735  -0.07742191186852883
3  0.0  66.37176014129223  8.111453993081323  5.656352762847522  -0.07532212309273648
4  0.0  61.927529718083115  9.24043984089759  5.652242230229779  0.2283807583994332
5  0.0  71.72310732965262  8.74446000565603  5.649981242448764  0.2787686495593273
6  0.0  70.55231525799176  9.7296941073803  5.65529769976933  -0.13269486419506232
7  0.0  64.65118304228197  7.060961554619775  5.6568141693964575  -0.02129443390925652
8  0.0  65.81301646778766  9.34733302148342  5.653370723343274  -0.19849298336506577
9  0.0  68.67225253878289  11.167395255052325  5.656830372841684  -0.01643572011929479
10  0.0  63.217388081772626  5.808241455536089  5.653288226306057  -0.20082885825827945
10
83.0
1  0.0  74.6983037380418  13.279634517450774  5.656737281101065  0.036377638754536507
2  0.0  71.91720045792442  4.889396667887847  5.651818010644715  0.2386486424684278
3  0.0  72.02811290413975  8.036131869988587  5.6568277953715596  0.017300101494855263
4  0.0  67.5797719483129  9.468820599297024  5.655844594739067  0.10687338378136665
5  0.0  77.37308857210138  9.023228655215357  5.656568709765657  0.05683688679104115
6  0.0  76.2076129577611  9.596999243185238  5.655047180905  0.14297336024037788
7  0.0  70.30799721167843  7.039667120710519  5.656328481905641  0.07712395725763847
8  0.0  71.46638719113093  9.148840038118355  5.650392324958088  0.27030829446161436
9  0.0  74.32908291162457  11.15095953493303  5.653234401947441  -0.20233832221796882
10  0.0  68.87067630807869  5.6074125972778095  5.65661941044357  0.05154459615760314
10
84.0
1  0.0  80.35504101914286  13.31601215620531  5.653296370250327  0.20059947685500765
2  0.0  77.56901846856914  5.128045310356275  5.654477580709667  -0.16396124313921617
3  0.0  77.6849406995113  8.053431971483443  5.655745806562726  0.11197933536205239
4  0.0  73.23561654305196  9.57569398307839  5.650688830588277  0.26403738346093897
5  0.0  83.02965728186703  9.080065542006398  5.656845072429432  -0.010189530453493528
6  0.0  81.8626601386661  9.739972603425615  5.6540255566265545  -0.17887147624424432
7  0.0  75.96432569358407  7.116791077968157  5.650276783423319  0.27271279894330397
8  0.0  77.11677951608903  9.419148332579969  5.653831584217736  -0.1849011014082565
9  0.0  79.98231731357201  10.94862121271506  5.651328303549348  -0.2499768099285947
10  0.0  74.52729571852225  5.658957193435413  5.656820232051005  -0.01961790657585261
10
85.0
1  0.0  86.00833738939319  13.516611633060318  5.65628499002429  0.08025030608000426
2  0.0  83.22349604927881  4.964084067217059  5.655189204786098  -0.13724087609304497
3  0.0  83.34068650607402  8.165411306845495  5.65140240990929  -0.24829579390610215
4  0.0  78.88630537364024  9.83973136653933  5.6508138002447375  -0.2613491820603801
5  0.0  88.68650235429647  9.069876011552905  5.656767146773635  -0.03139183305372237
6  0.0  87.51668569529265  9.56110112718137  5.653834989754707  0.18479693889618995
7  0.0  81.6146024770074  7.389503876911461  5.654519310592616  -0.16251574119222797
8  0.0  82.77061110030677  9.234247231171713  5.656809745088008  0.022438981201421685
9  0.0  85.63364561712136  10.698644402786465  5.655714888223444  0.11353018597581364
10  0.0  80.18411595057326  5.63933928685956  5.656261968564043  0.08185684440547679
10
86.0
1  0.0  91.66462237941748  13.596861939140322  5.651343886135731  0.24962427893999997
2  0.0  88.8786852540649  4.826843191124015  5.653285457972233  -0.20090677111457655
3  0.0  88.99208891598332  7.917115512939393  5.653739940578241  -0.1876824027721871
4  0.0  84.53711917388497  9.578382184478949  5.6539183623332505  0.18222829657026685
5  0.0  94.3432695010701  9.038484178499182  5.656850800849744  0.006246352985097339
6  0.0  93.17052068504736  9.74589806607756  5.6561417458174885  -0.08978057262405667
7  0.0  87.26912178760001  7.226988135719234  5.65328592775784  -0.2008935514525987
8  0.0  88.42742084539478  9.256686212373134  5.656751458020402  -0.034101938127770806
9  0.0  91.2893605053448  10.812174588762279  5.6568309835443875  0.01622416753700196
10  0.0  85.8403779191373  5.721196131265036  5.6542633641274325  0.17118939536764602
10
87.0
1  0.0  97.31596626555321  13.846486218080322  5.655127277976978  0.13976934528258167
2  0.0  94.53197071203714  4.625936420009438  5.650390338988612  0.27034980500115346
3  0.0  94.64582885656156  7.729433110167206  5.656757467670393  -0.033090058253794755
4  0.0  90.19103753621823  9.760610481049216  5.6568497883373645  -0.007104378052721255
5  0.0  1.2030191983569694E-4  9.04473053148428  5.654002630921398  -0.17959468125173525
6  0.0  98.82666243086486  9.656117493453504  5.6513922299621  -0.24852738908219646
7  0.0  92.92240771535785  7.026094584266635  5.655752281651421  -0.1116518185915676
8  0.0  94.08417230341519  9.222584274245364  5.653768645128267  -0.18681570427694882
9  0.0  96.94619148888918  10.828398756299281  5.65545117127172  -0.12598432188714534
10  0.0  91.49464128326473  5.892385526632682  5.651857127893549  0.2377204363930371
10
88.0
1  0.0  2.9710935435301877  13.986255563362905  5.6524178306777495  0.22399256111814195
2  0.0  0.18236105102575095  4.896286225010591  5.651993094711462  -0.2344654715175737
3  0.0  0.3025863242319531  7.696343051913411  5.65669555334763  -0.042372358172985625
4  0.0  95.8478873245556  9.753506102996495  5.65381727183129  0.18533822256132362
5  0.0  5.654122932841234  8.865135850232544  5.656182145666651  0.08719825136899274
6  0.0  4.478054660826956  9.407590104371307  5.655611104873329  0.1185876487391648
7  0.0  98.57815999700927  6.914442765675067  5.653513257361858  0.19439096901286584
8  0.0  99.73794094854345  9.035768569968415  5.6543644011127  0.16781900795030127
9  0.0  2.6016426601609055  10.702414434412136  5.654287789139788  0.1703807429984559
10  0.0  97.14649841115828  6.130105963025719  5.651876065707772  0.23726975761702054
10
89.0
1  0.0  8.623511374207936  14.210248124481046  5.655240249290455  0.1351211412224374
2  0.0  5.834354145737213  4.661820753493018  5.656847366574986  0.008824470162650694
3  0.0  5.959281877579583  7.653970693740425  5.656012950776733  -0.0975576785592002
4  0.0  1.5017045963868867  9.938844325557818  5.654769318538336  -0.15357068117803635
5  0.0  11.310305078507884  8.952334101601537  5.656845909749749  -0.009713565130381458
6  0.0  10.133665765700286  9.526177753110472  5.6565009749010535  -0.06321962467013878
7  0.0  4.231673254371117  7.1088337346879324  5.650418634447612  -0.2697577718755136
8  0.0  5.392305349656155  9.203587577918716  5.6561191085181814  -0.09119556050319075
9  0.0  8.255930449300694  10.872795177410591  5.650251148953173  0.273243396541209
10  0.0  2.7983744768660443  6.367375720642739  5.655019012239145  0.1440832093403411
10
90.0
1  0.0  14.27875162349839  14.345369265703484  5.654200600711655  0.17325001273300145
2  0.0  11.491201512312198  4.670645223655669  5.652585886105298  0.21971071936341888
3  0.0  11.615294828356316  7.556413015181225  5.650625692212569  -0.26538516632853093
4  0.0  7.156473914925223  9.785273644379782  5.6551834898184365  0.13747616697076356
5  0.0  16.967150988257632  8.942620536471155  5.654440349815545  0.1652402202185244
6  0.0  15.79016674060134  9.462958128440334  5.656788845707298  0.02720211538660905
7  0.0  9.882091888818728  6.8390759628124185  5.652420249169321  -0.22393152252572002
8  0.0  11.048424458174336  9.112392017415525  5.649898491495756  -0.2804407883920942
9  0.0  13.906181598253866  11.1460385739518  5.655477716092997  0.12478702967681883
10  0.0  8.453393489105189  6.51145892998308  5.651583989632858  -0.24412785200700082
10
91.0
1  0.0  19.932952224210045  14.518619278436486  5.656854224093394  5.360566731180992E-4
2  0.0  17.143787398417494  4.890355943019087  5.652518085810258  0.22144816456214197
3  0.0  17.265920520568883  7.2910278488526945  5.656140526880849  -0.08985733234422712
4  0.0  12.81165740474366  9.922749811350545  5.656801411932325  0.024449661765578685
5  0.0  22.621591338073177  9.10786075668968  5.6558691726240164  -0.1055646823579086
6  0.0  21.446955586308636  9.490160243826944  5.656516785696494  -0.06178877838085612
7  0.0  15.534512137988049  6.615144440286699  5.656547109602596  -0.058947407462669695
8  0.0  16.698322949670093  8.831951229023431  5.656557113916172  0.05797945329472831
9  0.0  19.561659314346862  11.27082560362862  5.652451414291734  0.22314347194440085
10  0.0  14.104977478738046  6.267331077976079  5.6515480867143815  -0.24495759542217813
10
92.0
1  0.0  25.589806448303438  14.519155335109604  5.655644227004517  0.1169973399291722
2  0.0  22.79630548422775  5.1118041075812295  5.656854070717194  0.0014221850510112272
3  0.0  22.92206104744973  7.201170516508467  5.656627874942567  -0.05060715782099651
4  0.0  18.468458816675984  9.947199473116124  5.652104023398563  -0.23177598814758496
5  0.0  28.277460510697193  9.002296074331772  5.652543598645386  0.2207959814241962
6  0.0  27.10347237200513  9.428371465446087  5.652398331705492  0.22448407456426486
7  0.0  21.191059247590644  6.556197032824029  5.652436787653862  0.22351367201436928
8  0.0  22.354880063586265  8.889930682318159  5.656361682403568  -0.07464929896981876
9  0.0  25.214110728638595  11.49396907557302  5.651559684739673  -0.24468986457398428
10  0.0  19.756525565452428  6.022373482553901  5.652282774210492  -0.22737510937512623
10
93.0
1  0.0  31.245450675307957  14.636152675038776  5.653546899296642  -0.19341007588373252
2  0.0  28.453159554944946  5.113226292632241  5.656776151721543  0.02972489385045675
3  0.0  28.578688922392296  7.150563358687471  5.650866456307268  -0.2602081723953305
4  0.0  24.120562840074548  9.715423484968538  5.656725642488277  -0.03814453585508775
5  0.0  33.930004109342576  9.223092055755968  5.650180991479056  0.2746903047593072
6  0.0  32.75587070371062  9.652855540010352  5.65501490105162  -0.14424447609574725
7  0.0  26.843496035244506  6.779710704838398  5.652342764004452  0.2258789016410586
8  0.0  28.01124174598983  8.81528138334834  5.654208724847731  0.1729846694242226
9  0.0  30.865670413378268  11.249279210999035  5.656091505928841  -0.09289174645601288
10  0.0  25.40880833966292  5.794998373178775  5.656634319873222  0.049881572072489055
10
94.0
1  0.0  36.8989975746046  14.442742599155043  5.650516503641264  -0.2676999104925601
2  0.0  34.10993570666649  5.142951186482698  5.656479375362002  0.06512354493037685
3  0.0  34.229555378699565  6.89035518629214  5.650817563543417  -0.2612678004447267
4  0.0  29.777288482562824  9.67727894911345  5.655029152163668  0.1436846831748735
5  0.0  39.58018510082163  9.497782360515275  5.654390437476938  -0.16693945180624375
6  0.0  38.41088560476224  9.508611063914605  5.651434550299684  -0.2475631710877322
7  0.0  32.49583879924896  7.0055896064794565  5.651921976142203  0.23617361326124917
8  0.0  33.66545047083756  8.988266052772563  5.656097828889132  0.09250594594756122
9  0.0  36.52176191930711  11.156387464543021  5.652999871137588  0.208788066992438
10  0.0  31.06544265953614  5.844879945251264  5.652803818257476  0.21403035367374373
10
95.0
1  0.0  42.54951407824586  14.175042688662483  5.6514819240083  0.2464793350515988
2  0.0  39.766415082028495  5.208074731413075  5.6567616046472455  -0.03237511681403588
3  0.0  39.880372942242985  6.629087385847414  5.656775113690659  -0.02992178353674577
4  0.0  35.432317634726495  9.820963632288324  5.656853437698269  -0.0030305777154480177
5  0.0  45.23457553829857  9.330842908709032  5.655783979462926  0.11003443847500613
6  0.0  44.062320155061926  9.261047892826873  5.653626879689899  -0.19105785837767245
7  0.0  38.14776077539116  7.241763219740705  5.653225898948323  -0.20257575239892908
8  0.0  39.32154829972669  9.080771998720124  5.656699371042606  -0.041859594434111906
9  0.0  42.1747617904447  11.36517553153546  5.65430584372075  -0.16978052204361552
10  0.0  36.71824647779361  6.058910298925007  5.6512521067661154  0.2516935155532304
10
96.0
1  0.0  48.200996002254165  14.421522023714083  5.654431283141372  -0.16555018644579364
2  0.0  45.42317668667574  5.175699614599039  5.656376491826233  -0.07351858755146336
3  0.0  45.53714805593364  6.599165602310668  5.653332059593897  0.19959114200741956
4  0.0  41.08917107242476  9.817933054572876  5.650638805762452  0.26510580305135883
5  0.0  50.890359517761496  9.440877347184038  5.655593149311105  -0.11944090365237282
6  0.0  49.71594703475182  9.069990034449201  5.655116015856085  0.1402242746745607
7  0.0  43.800986674339484  7.039187467341776  5.655485941528529  0.12441368563480397
8  0.0  44.9782476707693  9.038912404286013  5.654919790690875  0.1479262006970713
9  0.0  47.82906763416545  11.195395009491845  5.655868294567071  0.1056117157847388
10  0.0  42.36949858455973  6.310603814478238  5.6563773455712125  -0.07345287270605433
10
97.0
1  0.0  53.855427285395535  14.255971837268289  5.6509888689539665  -0.2575360226422639
2  0.0  51.07955317850197  5.102181027047576  5.656318773627195  -0.07783271235507262
3  0.0  51.190480115527535  6.798756744318088  5.65172684330888  0.24079802453891166
4  0.0  46.739809878187216  10.083038857624235  5.651177431154695  0.2533646415896427
5  0.0  56.5459526670726  9.321436443531665  5.654882918824749  0.14932908083855478
6  0.0  55.37106305060791  9.210214309123762  5.654191150584118  0.173558153528582
7  0.0  49.45647261586801  7.16360115297658  5.656843769108894  0.01088907222606117
8  0.0  50.633167461460175  9.186838604983084  5.656832301924963  -0.01575778849753807
9  0.0  53.48493592873252  11.301006725276585  5.656101180379325  -0.09230079800105377
10  0.0  48.025875930130944  6.2371509417721835  5.655569442003042  0.1205582294221622
10
98.0
1  0.0  59.5064161543495  13.998435814626026  5.655690577930945  0.11473485391615629
2  0.0  56.73587195212916  5.024348314692503  5.655581646212989  0.11998434489041461
3  0.0  56.842206958836414  7.039554768857  5.654041973412844  0.17835179529735237
4  0.0  52.39098730934191  10.336403499213878  5.650859403183604  -0.26036129791399615
5  0.0  62.200835585897345  9.47076552437022  5.65398086646044  -0.18027856694364122
6  0.0  61.02525420119203  9.383772462652344  5.656456865123097  0.06705022745516329
7  0.0  55.113316384976905  7.174490225202641  5.65685137407226  0.005703652939539369
8  0.0  56.28999976338514  9.171080816485546  5.6568227128216  -0.018889036652960257
9  0.0  59.14103710911184  11.208705927275531  5.652819387064879  -0.21361876608451735
10  0.0  53.681445372133986  6.357709171194346  5.651273120642094  0.251221248918489
10
99.0
1  0.0  65.16210673228045  14.113170668542182  5.6518172645267795  0.23866631181852305
2  0.0  62.391453598342146  5.1443326595829175  5.656673499266476  0.045220821491500314
3  0.0  62.49624893224926  7.217906564154353  5.654754384953358  -0.1541195829567784
4  0.0  58.04184671252551  10.076042201299883  5.6550277892142  -0.14373831505614906
5  0.0  67.85481645235778  9.290486957426578  5.65357677514681  -0.19253479561003706
6  0.0  66.68171106631513  9.450822690107508  5.654676151230752  -0.15696376875629287
7  0.0  60.770167759049166  7.18019387814218  5.656826186253945  -0.017818487919033878
8  0.0  61.94682247620674  9.152191779832586  5.651586611021297  -0.24406715904607204
9  0.0  64.79385649617672  10.995087161191014  5.65671352414682  -0.03990119966223613
10  0.0  59.33271849277608  6.608930420112834  5.650611855155095  0.26567962357076547
10
100.0
1  0.0  70.81392399680723  14.351836980360705  5.656789231172293  -0.027121837939271334
2  0.0  68.04812709760863  5.189553481074418  5.6534416332483195  -0.19646297222269898
3  0.0  68.15100331720262  7.063786981197574  5.6562833586214545  -0.08036521002279663
4  0.0  63.696874501739714  9.932303886243734  5.656207440308313  -0.08554175705999943
5  0.0  73.5083932275046  9.097952161816542  5.656638617132376  0.04939185324245391
6  0.0  72.33638721754588  9.293858921351214  5.6568302875932535  -0.016465034698874042
7  0.0  66.42699394530311  7.162375390223146  5.656650086898442  0.04806032034762594
8  0.0  67.59840908722803  8.908124620786515  5.655098238473036  0.14093939555415225
9  0.0  70.45057002032354  10.955185961528779  5.652593609263159  -0.21951193251694587
10  0.0  64.98333034793117  6.8746100436835995  5.655249409638092  0.1347372063983213
10
101.0
1  0.0  76.47071322797953  14.324715142421434  5.653087674889465  -0.20639704458361396
2  0.0  73.70156873085695  4.993090508851719  5.655036010055355  -0.14341452150050277
3  0.0  73.80728667582407  6.983421771174777  5.656841353964443  0.012078744873950692
4  0.0  69.35308194204802  9.846762129183734  5.656789750525983  0.02701329939505958
5  0.0  79.16503184463697  9.147344015058996  5.656737730673892  -0.0363076626952151
6  0.0  77.99321750513913  9.27739388665234  5.6518063165855335  -0.238925427286145
7  0.0  72.08364403220155  7.210435710570772  5.656398642651565  0.07179411821041234
8  0.0  73.25350732570107  9.049064016340667  5.655755800570794  0.11147342423117583
9  0.0  76.1031636295867  10.735674029011832  5.651215165286085  0.25252159440450395
10  0.0  70.63857975756926  7.0093472500819205  5.656822418620568  -0.018976938418869587
