10
0.0
1  0.0  5.6846767334696295  0.6965900515074352  0.002953608739504771  0.0298542443195925
2  0.0  3.0240951990077827  0.6825735747276718  0.010183565377107752  0.02821869424140976
3  0.0  1.8426868072606517  0.6795319519025822  0.010153245174632237  0.028229617795921487
4  0.0  9.160710114084955  8.07381976284008  0.024540209749565497  0.017256239854827313
5  0.0  3.4772630944318283  9.220193700203815  0.014347322512837685  0.02634680332018708
6  0.0  6.113185029252116  5.881312523218558  0.017586166136829638  0.024304865132064125
7  0.0  0.13279637984077275  9.16080576963817  0.022361129896828574  0.019999489448912423
8  0.0  6.20221152323201  8.188932400493208  0.015460299524190214  0.025709508884891673
9  0.0  6.272744362812888  7.163317746364372  0.017653955673353348  0.02425567062695392
10  0.0  2.9318756225479414  6.155227943870965  0.018302531164448858  0.02377008753569028
10
1.0
1  0.0  5.687630342209134  0.7264442958270277  0.029973247206169947  0.0012665545380382605
2  0.0  3.0342787643848905  0.7107922689690815  0.029992350558001347  6.772122901692421E-4
3  0.0  1.852840052435284  0.7077615696985037  0.029995328441230363  -5.291315363088869E-4
4  0.0  9.18525032383452  8.091076002694907  0.029984539552505924  9.628584029896452E-4
5  0.0  3.491610416944666  9.246540503524002  0.0299799398491861  -0.0010967748716958349
6  0.0  6.130771195388945  5.905617388350622  0.029999514007471643  1.69905254517892E-4
7  0.0  0.1551575097376013  9.180805259087082  0.02999350094932763  6.241868972371792E-4
8  0.0  6.2176718227562  8.2146419093781  0.029998883271661773  2.5828459731736827E-4
9  0.0  6.290398318486241  7.187573416991326  0.029999896825208858  -7.680466667855495E-5
10  0.0  2.95017815371239  6.178998031406656  0.02999617173723976  -4.7894633312982744E-4
10
2.0
1  0.0  5.7176035894153046  0.727710850365066  0.029999557605383413  1.6202456999498557E-4
2  0.0  3.064271114942892  0.7114694812592508  0.0299837169005977  9.881443744776933E-4
3  0.0  1.8828353808765144  0.7072324381621948  0.029963964240634397  0.0014698828068873135
4  0.0  9.215234863387026  8.092038861097896  0.0299930323847427  -6.463101792292672E-4
5  0.0  3.521590356793852  9.245443728652306  0.029978488870867147  0.0011357435887094916
6  0.0  6.160770709396417  5.90578729360514  0.02998896310847763  -8.135110069124368E-4
7  0.0  0.18515101068692894  9.18142944598432  0.029999882715566546  8.21311892748442E-5
8  0.0  6.247670706027862  8.214900193975417  0.02997853215324927  -0.0011346005537631024
9  0.0  6.3203982153114495  7.187496612324648  0.02999640649178962  4.6401083965970206E-4
10  0.0  2.98017432544963  6.1785190850735265  0.02996990055029669  -0.001343417092836676
10
3.0
1  0.0  5.747603147020688  0.727872874935061  0.029996271231887882  4.7267395000697197E-4
2  0.0  3.0942548318434895  0.7124576256337285  0.029975321176540948  0.0012164821590207459
3  0.0  1.9127993451171488  0.7087023209690821  0.029998242024058902  3.2432074553821044E-4
4  0.0  9.24522789577177  8.091392550918666  0.0299990614404244  -2.3668792457914604E-4
5  0.0  3.551568845664719  9.246579472241017  0.029972691767458513  -0.0012796314676205578
6  0.0  6.190759672504894  5.904973782598228  0.02997883544583862  -0.0011265583834537641
7  0.0  0.2151508934024955  9.181511577173595  0.02996780360177556  -0.001389408422821639
8  0.0  6.2776492381811115  8.213765593421654  0.029994042724769077  -5.975863993825548E-4
9  0.0  6.350394621803239  7.187960623164308  0.02999770180228953  -3.7093808232021176E-4
10  0.0  3.0101442259999267  6.1771756679806895  0.02999899443610922  2.450332677162048E-4
10
4.0
1  0.0  5.777599418252576  0.728345548885068  0.029972875733477247  -0.0012753151553755449
2  0.0  3.1242301530200303  0.7136741077927492  0.029999653145607402  -1.432467215952347E-4
3  0.0  1.9427975871412078  0.7090266417146204  0.029997480442098854  -3.8842709212501904E-4
4  0.0  9.275226957212194  8.091155862994087  0.02998711120266248  -8.791303652781197E-4
5  0.0  3.5815415374321775  9.245299840773397  0.02997468636855777  -0.001232024994306921
6  0.0  6.220738507950733  5.903847224214775  0.02999752945233559  -3.8462349935813054E-4
7  0.0  0.24511869700427105  9.180122168750772  0.02999981313964399  -1.0449912173728574E-4
8  0.0  6.3076432809058804  8.21316800702227  0.02997735535425835  0.0011652786982168806
9  0.0  6.380392323605529  7.187589685081988  0.02998693116409243  8.852501567253791E-4
10  0.0  3.040143220436036  6.177420701248406  0.029968110714330986  0.0013827684887933911
10
5.0
1  0.0  5.807572293986054  0.7270702337296924  0.029998946740337783  -2.508046059725234E-4
2  0.0  3.1542298061656378  0.7135308610711539  0.029999970084019126  3.8774191895432526E-5
3  0.0  1.9727950675833066  0.7086382146224953  0.029997940748876087  -3.510830484650022E-4
4  0.0  9.305214068414857  8.090276732628809  0.02998195021260535  -0.0010403700922525633
5  0.0  3.6115162238007352  9.24406781577909  0.02999646676046852  4.600982157182677E-4
6  0.0  6.250736037403069  5.903462600715416  0.02998518022045864  -9.426959353976942E-4
7  0.0  0.27511851014391503  9.180017669629034  0.02999208523249938  6.888627486609514E-4
8  0.0  6.337620636260139  8.214333285720487  0.02997952084733714  -0.0011081688698376863
9  0.0  6.410379254769621  7.188474935238713  0.029988349036570997  -8.358412174518424E-4
10  0.0  3.070111331150367  6.178803469737199  0.029999993970006328  -8.383291927828498E-6
10
6.0
1  0.0  5.837571240726391  0.7268194291237199  0.029999882179233234  8.232686149662855E-5
2  0.0  3.1842297762496568  0.7135696352630494  0.029996123051184553  -4.8198586928903495E-4
3  0.0  2.0027930083321825  0.7082871315740303  0.029986964279710166  8.84127687263777E-4
4  0.0  9.335196018627462  8.089236362536555  0.029969264772496614  -0.0013575262339980626
5  0.0  3.641512690561204  9.244527913994808  0.02996962497256237  0.0013495508452688787
6  0.0  6.280721217623528  5.902519904780019  0.029987923457138063  -8.509730952432957E-4
7  0.0  0.3051105953764144  9.180706532377695  0.02999955424349765  -1.6264584667956088E-4
8  0.0  6.367600157107476  8.21322511685065  0.02997513865931093  -0.0012209712670996637
9  0.0  6.440367603806192  7.187639094021262  0.029987165795945143  -8.772662118751005E-4
10  0.0  3.1001113251203734  6.1787950864452705  0.029998802580873122  2.674924182097068E-4
10
7.0
1  0.0  5.867571122905624  0.7269017559852166  0.02999976697743594  1.1700333133618641E-4
2  0.0  3.2142258993008412  0.7130876493937603  0.02998669802288995  8.931126267204864E-4
3  0.0  2.032779972611893  0.7091712592612941  0.02999994351745801  5.565455353216805E-5
4  0.0  9.365165283399959  8.087878836302558  0.029986816801716283  8.891156169505866E-4
5  0.0  3.6714823155337664  9.245877464840078  0.029998367795083202  3.124709761159483E-4
6  0.0  6.3107091410806655  5.9016689316847755  0.029969847469559194  -0.0013446007330637283
7  0.0  0.33511014961991203  9.180543886531016  0.029969174579050677  -0.001359515917664316
8  0.0  6.397575295766787  8.212004145583549  0.02998888439727584  8.164074269782724E-4
9  0.0  6.470354769602137  7.186761827809387  0.02998892393183588  -8.14953919287004E-4
10  0.0  3.1301101277012466  6.17906257886348  0.02999484314967494  -5.559612454102246E-4
10
8.0
1  0.0  5.8975708898830606  0.7270187593165528  0.029968062138086782  0.0013838208582649075
2  0.0  3.244212597323731  0.7139807620204809  0.02999985512482742  -9.165680206942496E-5
3  0.0  2.062779916129351  0.7092269138148263  0.02999447254506074  -5.756085680366424E-4
4  0.0  9.395152100201676  8.088767951919507  0.029984476911789203  -9.648071342915112E-4
5  0.0  3.7014806833288496  9.246189935816194  0.02999972938145522  -1.2627556949814476E-4
6  0.0  6.340678988550224  5.900324330951712  0.029998821667426664  2.6534326057293337E-4
7  0.0  0.3650793241989627  9.179184370613351  0.029983044677137295  -0.0010083354445762993
8  0.0  6.427564180164063  8.212820553010527  0.02999557667933966  5.148671225222904E-4
9  0.0  6.500343693533973  7.1859468738901  0.029999990717289923  1.6292406778068734E-5
10  0.0  3.1601049708509215  6.17850661761807  0.02999652208783514  -4.5647684937814235E-4
10
9.0
1  0.0  5.9275389520211474  0.7284025801748177  0.02999841765110908  3.0764737870937455E-4
2  0.0  3.2742124524485585  0.7138891052184114  0.029998699540271567  -2.7880884582452784E-4
3  0.0  2.0927743886744117  0.7086513052467897  0.029992350908403177  6.771967714090866E-4
4  0.0  9.425136577113465  8.087803144785216  0.029987995945996035  -8.484147705721021E-4
5  0.0  3.731480412710305  9.246063660246696  0.029991411097181547  -7.176133219605481E-4
6  0.0  6.370677810217651  5.900589674212284  0.029992493467666432  -6.708532417640516E-4
7  0.0  0.3950623688761  9.178176035168775  0.029994339467555208  5.825018326665742E-4
8  0.0  6.457559756843402  8.213335420133049  0.029996157030903785  4.798664995193386E-4
9  0.0  6.530343684251263  7.185963166296879  0.029999958986362468  4.657570794075617E-5
10  0.0  3.1901014929387568  6.178050140768692  0.029997088777628796  4.1758034802433133E-4
10
10.0
1  0.0  5.957537369672257  0.7287102275535271  0.02999733444953183  -3.9954274230748893E-4
2  0.0  3.30421115198883  0.7136102963725869  0.029988999461631635  8.12169791519603E-4
3  0.0  2.122766739582815  0.7093285020181987  0.029996911149202582  -4.30151120939351E-4
4  0.0  9.45512457305946  8.086954730014643  0.029993193801006426  -6.38775465456701E-4
5  0.0  3.7614718238074865  9.245346046924736  0.029996558191824004  -4.5409814414501504E-4
6  0.0  6.400670303685318  5.8999188209705204  0.02999039471090154  7.589028688363264E-4
7  0.0  0.4250567083436552  9.17875853700144  0.029992088184339002  -6.887342178466435E-4
8  0.0  6.4875559138743055  8.213815286632569  0.029999492066544176  -1.7373609110523739E-4
9  0.0  6.560343643237625  7.18600974200482  0.029976449473425624  -0.0011883540916583432
10  0.0  3.2200985817163854  6.178467721116716  0.02999294336818176  6.504280075774507E-4
10
11.0
1  0.0  5.987534704121789  0.7283106848112196  0.02999922534859224  2.149115268672098E-4
2  0.0  3.3342001514504616  0.7144224661641065  0.029965490481544198  -0.001438432716703668
3  0.0  2.1527636507320174  0.7088983508972594  0.02999608623964118  4.8427139499325434E-4
4  0.0  9.485117766860467  8.086315954549185  0.029973158807438834  0.0012686447824554294
5  0.0  3.7914683819993105  9.244891948780591  0.029989949844518287  7.762839707718025E-4
6  0.0  6.43066069839622  5.900677723839356  0.029995330306188527  -5.290258052752444E-4
7  0.0  0.45504879652799424  9.178069802783595  0.02997876367560091  0.0011284666421616033
8  0.0  6.51755540594085  8.213641550541464  0.02996854824709991  -0.00137325323274488
9  0.0  6.5903200927110515  7.1848213879131615  0.029997867608282113  3.5727781344398695E-4
10  0.0  3.2500915250845672  6.179118149124293  0.029997042335905433  4.209032880563163E-4
10
12.0
1  0.0  6.017533929470381  0.7285255963380869  0.02999988186657361  -8.244071583534219E-5
2  0.0  3.3641656419320056  0.7129840334474029  0.029982159838902636  -0.0010343113044404318
3  0.0  2.1827597369716587  0.7093826222922527  0.029988957574055165  -8.137150001806511E-4
4  0.0  9.515090925667906  8.08758459933164  0.029981516934750464  0.0010527823950230609
5  0.0  3.8214583318438287  9.245668232751363  0.02999700310702409  4.2368983606733937E-4
6  0.0  6.460656028702408  5.900148698034081  0.029985476905080067  -9.332112595275366E-4
7  0.0  0.48502756020359516  9.179198269425756  0.02998609650292638  9.130854271020821E-4
8  0.0  6.547523954187949  8.21226829730872  0.029998589795113013  2.903769697148037E-4
9  0.0  6.620317960319333  7.185178665726606  0.02999155490046953  7.115779171130161E-4
10  0.0  3.2800885674204725  6.179539052412349  0.029997396067500966  -3.9488941423782746E-4
10
13.0
1  0.0  6.047533811336955  0.7284431556222516  0.02998584840925567  -9.211968612293525E-4
2  0.0  3.394147801770908  0.7119497221429625  0.02999680195368548  4.3769970455805073E-4
3  0.0  2.2127486945457138  0.708568907292072  0.029992033492620803  6.911117547194673E-4
4  0.0  9.545072442602656  8.088637381726663  0.02999963928351166  -1.4612097448168465E-4
5  0.0  3.851455334950853  9.24609192258743  0.029974580145508346  -0.0012346066501102676
6  0.0  6.4906415056074875  5.899215486774553  0.029968338925297718  0.0013778136806130903
7  0.0  0.5150136567065215  9.180111354852858  0.029963495362422255  -0.0014794100669185538
8  0.0  6.577522543983062  8.212558674278435  0.02997881105859751  0.0011272071650371969
9  0.0  6.650309515219803  7.185890243643719  0.02996490047042813  -0.0014506716642082994
10  0.0  3.3100859634879733  6.179144162998111  0.029975218249719514  0.0012190157347966345
10
14.0
1  0.0  6.07751965974621  0.7275219587610222  0.02998930732387602  -8.007213710871949E-4
2  0.0  3.4241446037245935  0.7123874218475206  0.029999853894275723  9.205868839518204E-5
3  0.0  2.2427407280383345  0.7092600190467915  0.029996846400882744  -4.346429360374681E-4
4  0.0  9.575072081886168  8.088491260752182  0.02997199824824499  -0.00129577370215581
5  0.0  3.881429915096361  9.24485731593732  0.02999080161073601  7.426487901247994E-4
6  0.0  6.520609844532785  5.900593300455166  0.02996934737616442  -0.0013557014150563736
7  0.0  0.5449771520689438  9.17863194478594  0.029988513412779742  8.299227503385575E-4
8  0.0  6.60750135504166  8.213685881443473  0.02996821324667778  -0.001380544559819054
9  0.0  6.680274415690231  7.184439571979511  0.02997260290330853  -0.0012817112313552193
10  0.0  3.340061181737693  6.180363178732907  0.029994874291854816  -5.542785363214712E-4
10
15.0
1  0.0  6.107508967070086  0.726721237389935  0.029983724163512887  9.879239679110325E-4
2  0.0  3.4541444576188693  0.7124794805359158  0.029971470538953517  -0.0013079228618846667
3  0.0  2.2727375744392173  0.708825376110754  0.0299999045599494  -7.372159742264421E-5
4  0.0  9.605044080134412  8.087195487050026  0.02999958934797424  1.560366396391978E-4
5  0.0  3.9114207167070973  9.245599964727445  0.029998906280510558  2.555982260185458E-4
6  0.0  6.55057919190895  5.89923759904011  0.029984533717312807  -9.630401005826375E-4
7  0.0  0.5749656654817236  9.179461867536277  0.02999935159467205  -1.96500328873453E-4
8  0.0  6.637469568288338  8.212305336883654  0.029971570252528883  0.0013056358901796508
9  0.0  6.71024701859354  7.183157860748156  0.029997119640694347  4.153573664573742E-4
10  0.0  3.3700560560295476  6.179808900196586  0.02998619508718673  -9.098421144231655E-4
10
16.0
1  0.0  6.137492691233599  0.727709161357846  0.02999861742272384  -2.875086173476498E-4
2  0.0  3.4841159281578227  0.7111715576740312  0.029978230394399195  0.0011425457979090117
3  0.0  2.3027374789991666  0.7087516545133313  0.02999702092194351  -4.2242666639638973E-4
4  0.0  9.635043669482387  8.087351523689666  0.02999853706030209  2.957747820243929E-4
5  0.0  3.941419622987608  9.245855562953464  0.029998731078874245  -2.753945122620519E-4
6  0.0  6.580563725626263  5.898274558939527  0.02998869662039259  8.232760715900865E-4
7  0.0  0.6049650170763956  9.179265367207403  0.029995532880254208  -5.174125139468061E-4
8  0.0  6.667441138540866  8.213610972773834  0.02997374544900783  0.0012547080290177825
9  0.0  6.740244138234234  7.1835732181146135  0.02998982610718752  7.810496403269062E-4
10  0.0  3.4000422511167345  6.1788990580821626  0.02996995356717086  0.001342233832691724
10
17.0
1  0.0  6.167491308656323  0.7274216527404984  0.029986403585638387  9.029443389338221E-4
2  0.0  3.514094158552222  0.7123141034719402  0.029999854340231783  9.191324646436493E-5
3  0.0  2.33273449992111  0.708329227846935  0.029964723057743354  -0.0014543316515647589
4  0.0  9.66504220654269  8.08764729847169  0.029989320328958825  8.002341451701719E-4
5  0.0  3.9714183540664822  9.245580168441203  0.029992681141034455  -6.624095804226609E-4
6  0.0  6.610552422246656  5.899097835011117  0.029999573216693463  1.5910781328056563E-4
7  0.0  0.6349605499566499  9.178747954693456  0.02999976456237488  1.1762092533364107E-4
8  0.0  6.6974148839898735  8.214865680802852  0.02997313772692394  0.0012691427354116552
9  0.0  6.770233964341422  7.184354267754941  0.029998523573198318  -2.9713954342343914E-4
10  0.0  3.4300122046839054  6.180241291914855  0.029999539287588972  -1.653814149335011E-4
10
18.0
1  0.0  6.1974777122419615  0.7283245970794322  0.029995478211199522  5.205721481734637E-4
2  0.0  3.544094012892454  0.7124060167184046  0.029999946044271853  5.4275415952500956E-5
3  0.0  2.3626992229788537  0.7068748961953703  0.0299700495900082  -0.0013400880763772987
4  0.0  9.695031526871649  8.088447532616861  0.029984366224878108  -9.682409681418466E-4
5  0.0  4.001411035207517  9.24491775886078  0.029978824232468955  -0.0011268567427724437
6  0.0  6.640551995463349  5.899256942824398  0.02999462560848055  -5.675765032852362E-4
7  0.0  0.6649603145190247  9.17886557561879  0.02997711229820969  -0.0011715147205756489
8  0.0  6.727388021716798  8.216134823538264  0.029977905971157334  -0.0011510265263879685
9  0.0  6.80023248791462  7.184057128211517  0.029997757346861685  3.664186660185553E-4
10  0.0  3.4600117439714944  6.180075910499921  0.02999528774842116  5.314333160566353E-4
10
19.0
1  0.0  6.227473190453161  0.7288451692276057  0.029987131632907314  -8.784332135619524E-4
2  0.0  3.574093958936726  0.7124602921343571  0.029985729173363788  9.250699550191291E-4
3  0.0  2.392669272568862  0.7055348081189929  0.029999048069532245  2.3837659678113088E-4
4  0.0  9.725015893096527  8.08747929164872  0.029967272917671216  0.0014008077519090665
5  0.0  4.031389859439986  9.243790902118008  0.029985703067552258  9.259157761842035E-4
6  0.0  6.67054662107183  5.898689366321113  0.02999844906981337  -3.0456835983416866E-4
7  0.0  0.6949374268172344  9.177694060898215  0.029990169886163105  -7.677360738402755E-4
8  0.0  6.757365927687955  8.214983797011875  0.02996325455181078  -0.0014842793346906908
9  0.0  6.830230245261482  7.184423546877536  0.029962735829524193  -0.00149471404962558
10  0.0  3.4900070317199154  6.180607343815978  0.029991294780181654  7.224582259538399E-4
10
20.0
1  0.0  6.257460322086068  0.7279667360140437  0.029988645630709247  -8.251313324207851E-4
2  0.0  3.60407968811009  0.7133853620893763  0.029998971594341128  2.47813966340144E-4
3  0.0  2.4226683206383943  0.7057731847157741  0.029996719162912754  4.433372771852169E-4
4  0.0  9.754983166014199  8.088880099400628  0.02997586086009919  -0.0012031102094041436
5  0.0  4.061375562507538  9.244716817894192  0.029981871680532398  -0.0010426308129386976
6  0.0  6.700545070141644  5.8983847979612785  0.029994401707302117  -5.792880984368165E-4
7  0.0  0.7249275967033975  9.176926324824375  0.029993071616087132  -6.444870148173968E-4
8  0.0  6.787329182239766  8.213499517677185  0.029998767577720423  -2.713895685342809E-4
9  0.0  6.860192981091005  7.18292883282791  0.02999998856265002  -1.9867583369468443E-5
10  0.0  3.519998326500097  6.181329802041931  0.02997807495399685  -0.0011466169947049836
10
21.0
1  0.0  6.287448967716777  0.7271416046816229  0.029994733503053202  -5.618456734879879E-4
2  0.0  3.634078659704431  0.7136331760557164  0.029983992517121548  9.797454838876268E-4
3  0.0  2.4526650398013072  0.7062165219929594  0.029986557325155774  8.978241838721342E-4
4  0.0  9.784959026874299  8.087676989191223  0.029989507929108317  -7.931725221843699E-4
5  0.0  4.091357434188071  9.243674187081254  0.029983179483462016  -0.0010043189446098668
6  0.0  6.730539471848946  5.897805509862842  0.02999080815647599  7.423844027537857E-4
7  0.0  0.7549206683194846  9.176281837809558  0.029994787520745123  -5.589544394246051E-4
8  0.0  6.817327949817487  8.213228128108652  0.029967489323491376  -0.0013961705219741577
9  0.0  6.890192969653655  7.182908965244541  0.029966426318602968  -0.001418803077153503
10  0.0  3.549976401454094  6.180183185047226  0.029996757655912493  -4.4072509850792544E-4
10
22.0
1  0.0  6.317443701219831  0.726579759008135  0.02998761865010593  -8.616473616383321E-4
2  0.0  3.6640626522215523  0.714612921539604  0.02999999500395737  2.8709809963498367E-6
3  0.0  2.482651597126463  0.7071143461768316  0.02999114069550778  7.288266338822153E-4
4  0.0  9.814948534803408  8.086883816669038  0.029998843399821083  2.6287478580107505E-4
5  0.0  4.121340613671533  9.242669868136645  0.029967909813722358  0.0013871156680691499
6  0.0  6.760530280005422  5.898547894265596  0.029993272535257423  6.350677962009645E-4
7  0.0  0.7849154558402297  9.175722883370133  0.02999581909066573  -5.005452627418022E-4
8  0.0  6.847295439140978  8.211831957586677  0.029974557589569364  -0.0012351541562042958
9  0.0  6.920159395972258  7.181490162167387  0.029986711554155127  -8.926581920870966E-4
10  0.0  3.5799731591100064  6.179742459948718  0.029995491386636656  -5.198124221350617E-4
10
23.0
1  0.0  6.347431319869936  0.7257181116464967  0.02999913150664835  -2.276341951850581E-4
2  0.0  3.69406264722551  0.7146157925206004  0.02999296361382719  6.494937564267263E-4
3  0.0  2.5126427378219707  0.7078431728107137  0.029978479225299608  0.0011359981594522193
4  0.0  9.84494737820323  8.087146691454839  0.029982170595773447  -0.0010339994419423311
5  0.0  4.151308523485255  9.244056983804715  0.029997038891745053  4.211486758074448E-4
6  0.0  6.790523552540679  5.899182962061796  0.02996353080882727  0.001478691972135413
7  0.0  0.8149112749308954  9.17522233810739  0.029977265303438968  -0.001167592997252912
8  0.0  6.877269996730547  8.210596803430473  0.029984687303808676  -9.582461963472427E-4
9  0.0  6.950146107526413  7.1805975039753  0.02997608824583373  -0.0011974314001184927
10  0.0  3.609968650496643  6.179222647526583  0.029974939344225297  -0.00122585471815145
10
24.0
1  0.0  6.3774304513765845  0.7254904774513117  0.02997993341363842  0.0010969507709126507
2  0.0  3.724055610839337  0.7152652862770271  0.029988266498424766  -8.387972934230993E-4
3  0.0  2.5426212170472704  0.7089791709701659  0.029980346537869917  -0.0010856011925335749
4  0.0  9.874929548799003  8.086112692012897  0.029998067419351196  -3.4008761232835554E-4
5  0.0  4.181305562377  9.244478132480522  0.029973950035523816  -0.0012498110848930234
6  0.0  6.820487083349507  5.900661654033931  0.029997066260723904  -4.19194739635924E-4
7  0.0  0.8448885402343344  9.174054745110137  0.029997213607262346  4.0851472467290123E-4
8  0.0  6.907254684034355  8.209638557234125  0.029981980901920165  0.0010394852942171295
9  0.0  6.980122195772246  7.179400072575182  0.02998301816070345  0.0010091236073582932
10  0.0  3.6399435898408683  6.177996792808432  0.029990740472935568  7.451136591314026E-4
10
25.0
1  0.0  6.407410384790223  0.7265874282222243  0.02996483310652547  0.0014520624566713599
2  0.0  3.7540438773377613  0.7144264889836041  0.029999995042358164  -2.4369006250821698E-6
3  0.0  2.5726015635851405  0.7078935697776324  0.029996496229854987  4.581729065477539E-4
4  0.0  9.904927616218353  8.085772604400569  0.029976329546420342  0.0011913754254666243
5  0.0  4.211279512412524  9.243228321395629  0.029999246012334484  -2.1200747966326712E-4
6  0.0  6.850484149610231  5.9002424592942955  0.029997670771003113  -3.734391443116323E-4
7  0.0  0.8748857538415967  9.17446325983481  0.029987313477392055  -8.722034674436415E-4
8  0.0  6.937236664936275  8.210678042528343  0.029999652118617066  -1.4346163931093535E-4
9  0.0  7.01010521393295  7.18040919618254  0.029994546232857158  5.717558613564731E-4
10  0.0  3.669934330313804  6.178741906467563  0.029999027294089233  -2.4097694596947683E-4
10
26.0
1  0.0  6.437375217896749  0.7280394906788957  0.029998259048725714  3.227421967222564E-4
2  0.0  3.7840438723801193  0.714424052082979  0.02999984187116553  9.589674166694089E-5
3  0.0  2.6025980598149956  0.7083517426841801  0.02999679561533313  -4.3813387443764946E-4
4  0.0  9.934903945764773  8.086963979826036  0.029976994560543313  0.0011745235617710871
5  0.0  4.241278758424858  9.243016313915966  0.029998255031359736  3.2311538728424597E-4
6  0.0  6.880481820381234  5.899869020149984  0.029997795761926495  -3.6326010755852926E-4
7  0.0  0.9048730673189888  9.173591056367368  0.029968596689473243  0.0013721956652362768
8  0.0  6.967236317054892  8.210534580889032  0.029991764181653127  -7.027017518888626E-4
9  0.0  7.040099760165807  7.180980952043896  0.029983052076190866  -0.0010081154082879355
10  0.0  3.699933357607893  6.178500929521594  0.02996675407812965  0.0014118634852207156
10
27.0
1  0.0  6.4673734769454745  0.728362232875618  0.029972592753292365  0.001281948565772142
2  0.0  3.8140437142512846  0.714519948824646  0.029981069173757296  0.0010654574972183877
3  0.0  2.632594855430329  0.7079136088097424  0.02998630518740715  9.062062059365061E-4
4  0.0  9.964880940325317  8.088138503387807  0.02999301176427434  6.472663965475321E-4
5  0.0  4.271277013456218  9.24333942930325  0.029999115496570843  2.2973441928165708E-4
6  0.0  6.91047961614316  5.899505760042425  0.02999943638934128  1.8309779317288407E-4
7  0.0  0.934841664008462  9.174963252032605  0.02999851702291682  -2.9780011042578524E-4
8  0.0  6.997228081236545  8.209831879137143  0.029965655292368585  0.00143499525397879
9  0.0  7.070082812241998  7.179972836635608  0.02997972334705552  -0.0011026769762786444
10  0.0  3.729900111686023  6.179912793006815  0.029982306768829767  -0.0010300433484976828
10
28.0
1  0.0  6.497346069698767  0.7296441814413901  0.029986128401808334  -9.120372526726771E-4
2  0.0  3.844024783425042  0.7155854063218644  0.029995941825313607  -4.931353692452614E-4
3  0.0  2.662581160617736  0.7088198150156789  0.02999806007441454  3.4073487026578417E-4
4  0.0  9.994873952089591  8.088785769784355  0.029984766247726558  9.557727497668494E-4
5  0.0  4.3012761289527885  9.243569163722531  0.02999999435066194  6.8876883850217635E-6
6  0.0  6.940479052532502  5.8996888578355975  0.029969011673589566  0.001363102266248181
7  0.0  0.9648401810313788  9.174665451922179  0.029972703567940597  0.0012793550360868146
8  0.0  7.027193736528914  8.211266874391121  0.029983063774231107  0.0010077674287202992
9  0.0  7.100062535589053  7.178870159659329  0.02999655648364821  4.542109678368429E-4
10  0.0  3.7598824184548527  6.178882749658317  0.029991848616756613  6.990887136508415E-4
10
29.0
1  0.0  6.527332198100575  0.7287321441887175  0.02998631567643621  9.058590580852768E-4
2  0.0  3.8740207252503556  0.7150922709526192  0.029965205418709027  -0.001444358921656964
3  0.0  2.6925792206921506  0.7091605498859447  0.029972174405572663  0.001291692642207763
4  0.0  10.024858718337319  8.089741542534123  0.029999994631503494  -5.530801053886568E-6
5  0.0  4.331276123303451  9.243576051410917  0.029970334381315654  0.001333703697276288
6  0.0  6.970448064206091  5.901051960101846  0.029980615861845646  -0.001078137757639494
7  0.0  0.9948128845993194  9.175944806958265  0.029973792112409327  0.0012535927895723996
8  0.0  7.057176800303145  8.212274641819842  0.029999823617596167  -1.0144650372710232E-4
9  0.0  7.130059092072702  7.179324370627166  0.029995330641640887  5.290067850603924E-4
10  0.0  3.7898742670716095  6.179581838371968  0.0299692534490195  -0.0013577761923204987
10
30.0
1  0.0  6.557318513777012  0.7296380032468027  0.029999792842945402  -1.1017195814321762E-4
2  0.0  3.9039859306690645  0.7136479120309622  0.029984395481176384  9.673345380002526E-4
3  0.0  2.722551395097723  0.7104522425281524  0.029996618487573987  -4.5009753491147205E-4
4  0.0  10.054858712968823  8.089736011733068  0.029988651398585746  8.249216775548788E-4
5  0.0  4.361246457684767  9.244909755108194  0.029994268200407938  5.861600481070716E-4
6  0.0  7.000428680067937  5.899973822344206  0.029999604320135712  1.5313103961500996E-4
7  0.0  1.0247866767117286  9.177198399747837  0.029970126474970157  -0.0013383674959787984
8  0.0  7.087176623920741  8.212173195316115  0.029969636032676616  0.0013493052096878008
9  0.0  7.160054422714342  7.179853377412226  0.02997539332217118  0.0012147031164593189
10  0.0  3.819843520520629  6.178224062179647  0.029978141111120737  0.0011448860212843848
10
31.0
1  0.0  6.587318306619957  0.7295278312886595  0.02998208393809755  -0.001036509145580534
2  0.0  3.933970326150241  0.7146152465689625  0.02998838067460389  -8.347053342605613E-4
3  0.0  2.7525480135852973  0.710002144993241  0.029985267924964885  9.399020949391435E-4
4  0.0  10.084847364367409  8.090560933410623  0.029997803688607834  3.626049361840526E-4
5  0.0  4.391240725885175  9.245495915156301  0.02996506714019653  -0.0014472248489830562
6  0.0  7.030428284388073  5.900126953383821  0.029976100796538886  -0.0011971171687599693
7  0.0  1.0547568031866987  9.175860032251858  0.029999444997178992  -1.8168197828053804E-4
8  0.0  7.117146259953418  8.213522500525803  0.029992201377264906  6.837872663251039E-4
9  0.0  7.190029816036514  7.181068080528686  0.029984866352972307  9.526270384519483E-4
10  0.0  3.8498216616317498  6.179368948200932  0.029999390021559616  1.9054347102175472E-4
10
32.0
1  0.0  6.6173003905580545  0.728491322143079  0.029982610566958553  -0.0010211621174448485
2  0.0  3.9639587068248447  0.7137805412347019  0.029962705677202606  0.0014953183545083845
3  0.0  2.782533281510262  0.7109420470881801  0.02999012200504932  7.696041854456892E-4
4  0.0  10.114845168056016  8.090923538346807  0.02999852707264785  2.967860367549224E-4
5  0.0  4.421205793025371  9.244048690307318  0.029963359101270008  0.0014821672808221047
6  0.0  7.060404385184611  5.898929836215061  0.02998769727962839  -8.589064823176032E-4
7  0.0  1.0847562481838777  9.175678350273577  0.029999258168073556  2.102803967840643E-4
8  0.0  7.147138461330683  8.214206287792129  0.029980431273530665  0.0010832585716734297
9  0.0  7.220014682389486  7.182020707567138  0.029979957578558796  -0.0010962901385196404
10  0.0  3.8798210516533094  6.179559491671954  0.029988023699744213  -8.474332207194847E-4
10
33.0
1  0.0  6.647283001125013  0.7274701600256341  0.029989639154560852  -7.881953179446298E-4
2  0.0  3.9939214125020475  0.7152758595892103  0.029996097237126117  -4.8358972370598374E-4
3  0.0  2.8125234035153115  0.7117116512736258  0.029970343524799416  -0.0013334982135393848
4  0.0  10.144843695128664  8.091220324383562  0.029999382160907254  -1.91777068071791E-4
5  0.0  4.451169152126641  9.24553085758814  0.02999799519376518  3.4639981934296316E-4
6  0.0  7.0903920824642395  5.898070929732743  0.029969010829177703  -0.0013631208312650895
7  0.0  1.1147555063519512  9.17588863067036  0.029995578872274675  -5.147393487471486E-4
8  0.0  7.177118892604214  8.215289546363802  0.0299999307914797  6.213683632003885E-5
9  0.0  7.249994639968045  7.180924417428618  0.029985308581824063  9.38604140619793E-4
10  0.0  3.9098090753530537  6.178712058451235  0.029997409398816597  3.938754115063226E-4
10
34.0
1  0.0  6.677272640279574  0.7266819647076895  0.02997053487459364  0.0013291906600505776
2  0.0  4.0239175097391735  0.7147922698655043  0.029989668783700952  7.870671660741167E-4
3  0.0  2.842493747040111  0.7103781530600864  0.02998212733255772  -0.0010352531546893667
4  0.0  10.174843077289571  8.09102854731549  0.029964800958626338  -0.0014527257104851327
5  0.0  4.481167147320407  9.245877257407482  0.02999980560605828  1.0663994895746772E-4
6  0.0  7.120361093293417  5.8967078089014775  0.0299980779545187  3.391570648216886E-4
7  0.0  1.144751085224226  9.175373891321614  0.029988002964203463  -8.481666693072017E-4
8  0.0  7.207118823395693  8.215351683200122  0.029984675684356393  9.586097140996037E-4
9  0.0  7.279979948549869  7.181863021569238  0.029978994672218824  -0.0011223132018628413
10  0.0  3.93980648475187  6.179105933862742  0.029976794628981496  0.001179615298250074
10
35.0
1  0.0  6.707243175154168  0.7280111553677401  0.029974763460457982  0.0012301479462212893
2  0.0  4.053907178522874  0.7155793370315784  0.029993828705429  -6.082335648275475E-4
3  0.0  2.8724758743726686  0.7093428999053971  0.029999954632961706  -4.930010383774364E-5
4  0.0  10.204807878248198  8.089575821605004  0.02997919604496936  -0.0011169212046030948
5  0.0  4.511166952926465  9.245983897356439  0.029996634418625556  -4.4903455916903655E-4
6  0.0  7.150359171247936  5.897046965966299  0.02997666088511788  0.0011830091540824782
7  0.0  1.1747390881884294  9.174525724652307  0.029992145042555374  6.862537623360984E-4
8  0.0  7.23710349908005  8.216310292914223  0.02999721426194637  4.084666484316027E-4
9  0.0  7.309958943222088  7.180740708367375  0.029979138175177524  0.0011184734031768318
10  0.0  3.9697832793808514  6.180285549160992  0.029983070879798665  -0.0010075560019019764
10
36.0
1  0.0  6.737217938614625  0.7292413033139614  0.029999729978432945  1.2613366367090898E-4
2  0.0  4.083901007228303  0.7149711034667509  0.029979337628524436  0.0011131144752173905
3  0.0  2.9024758290056303  0.7092935998015594  0.029999720769264267  1.2830528505547144E-4
4  0.0  10.234787074293168  8.0884589004004  0.029999239618272444  -2.1291032260494413E-4
5  0.0  4.541163587345091  9.24553486279727  0.029992959257333796  -6.496949037157484E-4
6  0.0  7.1803358321330535  5.8982299751203815  0.029998680518822558  -2.808480187136274E-4
7  0.0  1.2047312332309847  9.175211978414643  0.029998728173760765  2.7571078472112594E-4
8  0.0  7.267100713341996  8.216718759562655  0.029997259180007424  4.0515449825959235E-4
9  0.0  7.339938081397266  7.181859181770552  0.02996737370911913  0.0013986498696943403
10  0.0  3.99976635026065  6.17927799315909  0.029997757942348817  -3.6636991176676963E-4
10
37.0
1  0.0  6.767217668593059  0.7293674369776323  0.029995498268077975  -5.194151804967888E-4
2  0.0  4.1138803448568275  0.7160842179419682  0.02997066953634275  0.0013261508297837447
3  0.0  2.9324755497748947  0.7094219050866148  0.029995881399993193  4.967972599978677E-4
4  0.0  10.26478631391144  8.088245990077796  0.02996517085349524  0.0014450758460503538
5  0.0  4.571156546602425  9.244885167893553  0.029999840719691407  -9.625628885640698E-5
6  0.0  7.210334512651876  5.8979491271016675  0.029969331752670438  -0.0013560467463840519
7  0.0  1.2347299614047456  9.175487689199365  0.029977999057101593  0.001148599587504448
8  0.0  7.297097972522003  8.217123914060915  0.02998740674258736  -8.689909865043407E-4
9  0.0  7.369905455106385  7.183257831640246  0.02998960503247059  -7.894925436097297E-4
10  0.0  4.029764108202999  6.178911623247323  0.029974606005840607  -0.0012339786362103435
10
38.0
1  0.0  6.797213166861137  0.7288480217971355  0.02997056119512453  -0.001328597053020591
2  0.0  4.14385101439317  0.7174103687717519  0.029977171483895778  0.001169999275685768
3  0.0  2.9624714311748876  0.7099187023466127  0.029996208560245378  4.766345458114268E-4
4  0.0  10.294751484764936  8.089691065923846  0.029976840958555778  0.0011784373659433408
5  0.0  4.601156387322116  9.244788911604697  0.02999492630659798  5.514565637976147E-4
6  0.0  7.240303844404546  5.8965930803552835  0.02998843876688989  8.326156403136128E-4
7  0.0  1.2647079604618472  9.176636288786868  0.029986161436400812  -9.109504871880903E-4
8  0.0  7.327085379264591  8.21625492307441  0.029975647722264024  -0.0012084089170173874
9  0.0  7.399895060138856  7.182468339096636  0.029995607657215023  -5.130592114213888E-4
10  0.0  4.059738714208839  6.177677644611113  0.029990924321330624  -7.376766447560811E-4
10
39.0
1  0.0  6.827183728056261  0.7275194247441149  0.029979369252676875  0.0011122624203180249
2  0.0  4.173828185877066  0.7185803680474376  0.029989094508135947  8.086526213955156E-4
3  0.0  2.992467639735133  0.7103953368924241  0.029996963015143777  4.2651887191007064E-4
4  0.0  10.324728325723491  8.09086950328979  0.029988420513332587  8.332728217889825E-4
5  0.0  4.631151313628714  9.245340368168495  0.029990746962013978  7.448524286384074E-4
6  0.0  7.270292283171436  5.897425695995597  0.029998042353860513  -3.4229141968534647E-4
7  0.0  1.294694121898248  9.17572533829968  0.029967361156136862  -0.001398918803097178
8  0.0  7.357061026986854  8.215046514157393  0.029989787151562954  -7.825439821180735E-4
9  0.0  7.42989066779607  7.181955279885215  0.02999015821028946  -7.681920344604934E-4
10  0.0  4.089729638530169  6.176939967966357  0.02999842626447882  -3.068063471098792E-4
10
40.0
1  0.0  6.857163097308939  0.7286316871644329  0.029989282701976136  -8.016430009389418E-4
2  0.0  4.203817280385202  0.7193890206688331  0.029972053772597866  0.0012944887533314021
3  0.0  3.0224646027502766  0.7108218557643341  0.029989703380656926  7.857478095505593E-4
4  0.0  10.354716746236823  8.091702776111578  0.02999236116331259  -6.767424394978795E-4
5  0.0  4.661142060590728  9.246085220597134  0.029999292582347473  -2.0531205203552287E-4
6  0.0  7.300290325525297  5.897083404575912  0.029970325804280308  -0.0013338964222492442
7  0.0  1.3246614830543848  9.174326419496582  0.0299992718901292  2.0831356677634866E-4
8  0.0  7.3870508141384175  8.214263970175276  0.02998225053496583  -0.0010316788931352594
9  0.0  7.459880826006359  7.181187087850755  0.029970646156493433  -0.0013266791029734298
10  0.0  4.119728064794648  6.176633161619247  0.029992813255918835  6.564003927322572E-4
10
41.0
1  0.0  6.887152380010915  0.727830044163494  0.02999720504981075  -4.0914261524330496E-4
2  0.0  4.2337893341578  0.7206835094221645  0.029975050714625  -0.0012231284215725778
3  0.0  3.0524543061309335  0.7116076035738846  0.029991202886015745  7.262629894466073E-4
4  0.0  10.384709107400136  8.09102603367208  0.029984846596982393  -9.53248674498136E-4
5  0.0  4.691141353173076  9.2458799085451  0.02999997359693231  -3.595362796121528E-5
6  0.0  7.330260651329577  5.895749508153663  0.029970008015165035  0.0013410175431153029
7  0.0  1.354660754944514  9.174534733063359  0.029999983862192686  2.6014384051855668E-5
8  0.0  7.417033064673383  8.213232291282141  0.02999933485486558  -1.9903955799487866E-4
9  0.0  7.489851472162853  7.179860408747781  0.02999188007164531  -6.977379508425648E-4
10  0.0  4.149720878050567  6.177289562011979  0.02999987308814917  8.557555108078613E-5
10
42.0
1  0.0  6.917149585060725  0.7274209015482507  0.029997174542290197  -4.1137326040527116E-4
2  0.0  4.263764384872425  0.719460381000592  0.029996052457680993  -4.8635936924213726E-4
3  0.0  3.0824455090169494  0.7123338665633312  0.02997389724342017  -0.00125107654477574
4  0.0  10.414693953997118  8.09007278499758  0.029999695738143622  1.340302160199374E-4
5  0.0  4.721141326770008  9.245843954917138  0.029972411278776968  0.0012861845185829232
6  0.0  7.360230659344742  5.897090525696778  0.029999779762954055  -1.1367785295169254E-4
7  0.0  1.3846607388067067  9.17456074744741  0.029968707995999138  -0.0013697625818135872
8  0.0  7.447032399528249  8.213033251724147  0.02996384455452268  -0.001472320614676372
9  0.0  7.519843352234498  7.179162670796939  0.02998295219719686  0.0010110816092724583
10  0.0  4.179720751138716  6.17737513756306  0.02998943086585672  7.960809142289691E-4
10
43.0
1  0.0  6.947146759603015  0.7270095282878454  0.029997693347612563  -3.7162118158240757E-4
2  0.0  4.293760437330105  0.7189740216313498  0.02997048042323683  -0.0013304178593123996
3  0.0  3.1124194062603694  0.7110827900185555  0.029978132826083873  -0.001145102939334178
4  0.0  10.44469364973526  8.0902068152136  0.029987075702851886  8.803404292823894E-4
5  0.0  4.751113738048785  9.24713013943572  0.029974839879487975  0.0012282844454996765
6  0.0  7.390230439107696  5.896976847843827  0.029999865121086797  -8.832438281264563E-5
7  0.0  1.4146294468027059  9.173190984865597  0.02999999142386087  1.4934800743138959E-5
8  0.0  7.4769962440827715  8.21156093110947  0.029997206556369692  4.090321435912383E-4
9  0.0  7.549826304431695  7.180173752406211  0.029998563479277634  2.9308302535489096E-4
10  0.0  4.209710182004573  6.1781712184772895  0.029980198648126337  0.0010896777041323276
10
44.0
1  0.0  6.977144452950628  0.726637907106263  0.02999893385478688  2.523411502740182E-4
2  0.0  4.323730917753342  0.7176436037720374  0.02999909982204209  -2.3177218805075437E-4
3  0.0  3.142397539086453  0.7099376870792212  0.029963803721410477  0.0014731513923514296
4  0.0  10.474680725438112  8.091087155642882  0.029982750505334024  -0.0010170450407388405
5  0.0  4.781088577928273  9.24835842388122  0.029977854913184544  -0.00115235553717439
6  0.0  7.420230304228783  5.896888523461014  0.0299999286040779  6.31840979041508E-5
7  0.0  1.4446294382265668  9.17320591966634  0.02998189585375021  -0.0010419354561942724
8  0.0  7.506993450639142  8.211969963253063  0.029987888113003663  8.522176963507073E-4
9  0.0  7.579824867910973  7.180466835431566  0.02998582207062774  -9.220538100649906E-4
10  0.0  4.239690380652699  6.179260896181422  0.029997100291940578  4.16752390824343E-4
10
45.0
1  0.0  7.007143386805415  0.726890248256537  0.02999993409677225  6.051999109090652E-5
2  0.0  4.353730017575384  0.7174118315839867  0.029992149454306852  -6.860609233301949E-4
3  0.0  3.1723613428078634  0.7114108384715726  0.029997939393767183  3.5119881530311543E-4
4  0.0  10.504663475943447  8.090070110602143  0.029987387685557157  8.696483634745937E-4
5  0.0  4.811066432841457  9.247206068344045  0.02999101513718631  -7.339751501657885E-4
6  0.0  7.450230232832861  5.896951707558918  0.02998870140715463  8.231016902674901E-4
7  0.0  1.4746113340803169  9.172163984210146  0.029968798212525988  -0.0013677873288264436
8  0.0  7.536981338752145  8.212822180949413  0.02998440344080911  -9.670877823622815E-4
9  0.0  7.6098106899816  7.179544781621501  0.029976604855617962  -0.001184428051906332
10  0.0  4.26968748094464  6.179677648572246  0.029991706317245008  -7.051671150337094E-4
10
46.0
1  0.0  7.037143320902188  0.7269507682476279  0.029986318892270266  9.057525992648541E-4
2  0.0  4.383722167029691  0.7167257706606565  0.029985373411493023  9.365307540741206E-4
3  0.0  3.2023592822016305  0.7117620372868757  0.029973743968794705  0.0012547433893599334
4  0.0  10.534650863629004  8.090939758965618  0.029974909216029275  0.0012265911995454275
5  0.0  4.841057447978644  9.24647209319388  0.029987412687280758  8.687858209665201E-4
6  0.0  7.480218934240016  5.897774809249185  0.029997839200523208  -3.5965508414636507E-4
7  0.0  1.504580132292843  9.17079619688132  0.029992569826476696  6.674306585097111E-4
8  0.0  7.566965742192955  8.21185509316705  0.029993391769400368  6.294113498069426E-4
9  0.0  7.639787294837218  7.178360353569595  0.02997532137777653  -0.0012164772003676598
10  0.0  4.2996791872618845  6.178972481457213  0.029975602136995523  0.0012095391703242251
10
47.0
1  0.0  7.067129639794458  0.7278565208468928  0.02997792482102523  -0.0011505354861798313
2  0.0  4.413707540441184  0.7176623014147305  0.02998679526839531  8.898415653047814E-4
3  0.0  3.232333026170425  0.7130167806762356  0.029990687165458295  -7.472561967721709E-4
4  0.0  10.564625772845034  8.092166350165163  0.02998833286147033  8.364213469645862E-4
5  0.0  4.871044860665925  9.247340879014846  0.02997178341299641  0.0013007334563363915
6  0.0  7.510216773440539  5.897415154165039  0.029999995057664063  -2.2405649167475324E-6
7  0.0  1.5345727021193196  9.17146362753983  0.029998138158120045  3.3378964384924413E-4
8  0.0  7.596959133962355  8.212484504516858  0.029971914974320342  -0.0012976984442125334
9  0.0  7.669762616214994  7.177143876369227  0.029989374201630416  7.982126750341066E-4
10  0.0  4.32965478939888  6.180182020627537  0.029968908305530232  0.001365373009371525
10
48.0
1  0.0  7.097107564615483  0.726705985360713  0.02998227707687669  0.0010309072535364574
2  0.0  4.443694335709579  0.7185521429800353  0.029992051623874787  -6.903244677897384E-4
3  0.0  3.2623237133358836  0.7122695244794635  0.02999570836887343  5.071369928287746E-4
4  0.0  10.594614105706505  8.093002771512127  0.029964711538682638  -0.001454568968299134
5  0.0  4.901016644078921  9.248641612471182  0.029998906451418502  -2.555781662056327E-4
6  0.0  7.540216768498203  5.897412913600122  0.0299957892625937  5.023295671847373E-4
7  0.0  1.5645708402774396  9.171797417183678  0.02998605535028665  -9.144358969027329E-4
8  0.0  7.626931048936675  8.211186806072647  0.029970384466958648  0.0013325777210667434
9  0.0  7.699751990416624  7.177942089044262  0.029994093388406272  -5.950380555596789E-4
10  0.0  4.359623697704411  6.181547393636909  0.029995593167884506  -5.139056204784898E-4
10
49.0
1  0.0  7.127089841692359  0.7277368926142495  0.029989195875630204  -8.048845961278714E-4
2  0.0  4.473686387333454  0.7178618185122456  0.029988422370760822  8.332059726449599E-4
3  0.0  3.292319421704757  0.7127766614722922  0.02999039947513065  7.58714572208892E-4
4  0.0  10.624578817245187  8.091548202543828  0.02999730100051052  4.0204622218085084E-4
5  0.0  4.93101555053034  9.248386034304977  0.029998122764897887  -3.3517019872712496E-4
6  0.0  7.570212557760796  5.897915243167307  0.029989377149962953  -7.98101896551679E-4
7  0.0  1.5945568956277263  9.170882981286775  0.02999868523152643  -2.803441809578533E-4
8  0.0  7.656901433403633  8.212519383793714  0.02998761867623819  8.616464521658976E-4
9  0.0  7.729746083805031  7.177347050988702  0.029981501790699125  0.0010532135843722432
10  0.0  4.389619290872295  6.18103348801643  0.029970881856960424  -0.0013213437085480028
10
50.0
1  0.0  7.157079037567989  0.7269320080181216  0.02997019391561493  0.0013368564397261643
2  0.0  4.503674809704215  0.7186950244848905  0.029995549557308057  5.16444803513214E-4
3  0.0  3.3223098211798874  0.7135353760445011  0.0299777399951076  -0.0011553411901794356
4  0.0  10.654576118245696  8.09195024876601  0.029980009079532265  0.0010948808479292363
5  0.0  4.961013673295238  9.248050864106249  0.02998833560333716  -8.363230366435491E-4
6  0.0  7.60020193491076  5.897117141270756  0.029985771446827743  -9.236986622321929E-4
7  0.0  1.6245555808592527  9.170602637105818  0.029974919962551274  -0.0012263285524866233
8  0.0  7.686889052079872  8.213381030245879  0.029966527468354216  -0.0014166650868754286
9  0.0  7.75972758559573  7.1784002645730745  0.029995349124631587  5.279577364373107E-4
10  0.0  4.419590172729255  6.179712144307882  0.02998445325994127  -9.655419112582685E-4
10
51.0
1  0.0  7.187049231483604  0.7282688644578478  0.029963155756275953  -0.0014862723859194772
2  0.0  4.533670359261523  0.7192114692884037  0.029998088773752936  -3.381987611414687E-4
3  0.0  3.352287561174995  0.7123800348543217  0.029993805918459803  -6.093562223893532E-4
4  0.0  10.684556127325228  8.09304512961394  0.029969824970978182  -0.0013451021109684629
5  0.0  4.991002008898575  9.247214541069605  0.029996807159099404  -4.373428172526657E-4
6  0.0  7.630187706357588  5.896193442608523  0.029989178993410394  -8.055133649991385E-4
7  0.0  1.6545305008218039  9.16937630855333  0.029995565298665223  5.155297212668132E-4
8  0.0  7.716855579548226  8.211964365159004  0.02999872922604912  2.755962666396086E-4
9  0.0  7.789722934720362  7.178928222309512  0.029977603363426315  0.001158880953805181
10  0.0  4.449574625989197  6.178746602396624  0.029982606375882834  0.0010212851653035083
10
52.0
1  0.0  7.21701238723988  0.7267825920719283  0.029992013548148514  6.919767392590362E-4
2  0.0  4.563668448035275  0.7188732705272622  0.029996039821780965  -4.8713806064630604E-4
3  0.0  3.3822813670934546  0.7117706786319323  0.02996407368629741  0.0014676500271311515
4  0.0  10.714525952296206  8.09170002750297  0.029992764096639254  -6.58642788882112E-4
5  0.0  5.020998816057674  9.246777198252351  0.029971189358823057  0.0013143503709328853
6  0.0  7.660176885350999  5.895387929243524  0.0299734218129324  -0.0012624156621444502
7  0.0  1.684526066120469  9.169891838274596  0.0299633401464002  0.0014825504211057898
8  0.0  7.746854308774275  8.212239961425643  0.029985298614339042  9.389225148628687E-4
9  0.0  7.819700538083788  7.180087103263317  0.029992779820265655  -6.579263887901887E-4
10  0.0  4.47955723236508  6.179767887561928  0.029979218716223284  0.0011163125211367203
10
53.0
1  0.0  7.247004400788028  0.7274745688111873  0.029998837771137273  2.6351633912759795E-4
2  0.0  4.5936644878570565  0.718386132466616  0.02999777984011546  3.64572549655199E-4
3  0.0  3.4122454407797522  0.7132383286590634  0.029974703627730925  -0.0012316050136684735
4  0.0  10.744518716392845  8.091041384714089  0.029998879256145496  2.587505656080272E-4
5  0.0  5.050970005416498  9.248091548623284  0.029991820945839607  7.002748265477442E-4
6  0.0  7.690150307163931  5.89412551358138  0.029981920365252664  0.001041229893753978
7  0.0  1.7144894062668692  9.171374388695702  0.029998724966012157  2.7605958334675067E-4
8  0.0  7.776839607388615  8.213178883940506  0.02997338212294348  -0.0012633576659091606
9  0.0  7.849693317904054  7.179429176874527  0.02998671159188658  8.926569245887921E-4
10  0.0  4.509536451081303  6.180884200083065  0.029987688739597177  8.592045955624272E-4
10
54.0
1  0.0  7.277003238559165  0.7277380851503149  0.029980960359220644  -0.001068515053164887
2  0.0  4.623662267697172  0.7187507050162711  0.02998165185997495  -0.0010489328993124544
3  0.0  3.442220144407483  0.712006723645395  0.029992437963349942  -6.733301527511913E-4
4  0.0  10.774517595648991  8.091300135279697  0.029999975616793777  3.422676989965573E-5
5  0.0  5.080961826362337  9.248791823449832  0.02999984606740633  -9.457490113595823E-5
6  0.0  7.7201322275291835  5.895166743475134  0.029995041724640976  -5.451425657993797E-4
7  0.0  1.7444881312328813  9.171650448279049  0.0299999818519758  -2.8237583489827446E-5
8  0.0  7.806812989511558  8.211915526274597  0.02998086031046972  -0.0010713185913166327
9  0.0  7.87968002949594  7.180321833799116  0.029992782306191873  6.578130535227859E-4
10  0.0  4.5395241398209  6.181743404678627  0.02997771798049543  0.00115591226391979
10
55.0
1  0.0  7.306984198918386  0.72666957009715  0.029979142988101466  -0.0011183443919322812
2  0.0  4.6536439195571475  0.7177017721169587  0.029975992847844482  -0.0011998171802303549
3  0.0  3.472212582370833  0.7113333934926438  0.02999757927078959  3.8071823267826543E-4
4  0.0  10.804517571265785  8.091334362049597  0.029999988867628988  1.9401601374197652E-5
5  0.0  5.1109616724297435  9.248697248548696  0.029999485807843614  -1.7481345769024766E-4
6  0.0  7.750127269253825  5.894621600909335  0.02998263715259099  -0.0010203812307514831
7  0.0  1.774488113084857  9.17162221069556  0.02999961374957258  -1.5127245768667416E-4
8  0.0  7.836793849822028  8.21084420768328  0.029991465512499132  7.153355104944287E-4
9  0.0  7.909672811802133  7.180979646852639  0.029985205204217047  -9.419009188848898E-4
10  0.0  4.569501857801395  6.182899316942547  0.029999067803035954  -2.35880115420149E-4
10
56.0
1  0.0  7.336963341906487  0.7255512257052178  0.029994006919109147  5.993808609158967E-4
2  0.0  4.683619912404992  0.7165019549367284  0.02999690486666526  4.305890154584513E-4
3  0.0  3.5022101616416226  0.7117141117253221  0.02999395304905588  -6.020705698092728E-4
4  0.0  10.834517560133415  8.091353763650972  0.029995938327525958  -4.933480832618907E-4
5  0.0  5.140961158237587  9.248522435091006  0.029978432243032812  -0.0011372373234688992
6  0.0  7.780109906406415  5.893601219678583  0.029984584241121305  9.614657389109733E-4
7  0.0  1.8044877268344297  9.171470938237873  0.029981436799067143  -0.0010550620567253196
8  0.0  7.8667853153345275  8.211559543193774  0.029999864529541606  8.852507639376909E-5
9  0.0  7.93965801700635  7.180037745933754  0.029990386821931878  7.592145618308619E-4
10  0.0  4.599500925604431  6.182663436827126  0.029993806189421924  6.093428849129831E-4
10
57.0
1  0.0  7.366957348825596  0.7261506065661337  0.029998439411829194  3.055181415438684E-4
2  0.0  4.713616817271657  0.7169325439521869  0.029994493412783412  -5.745201393267167E-4
3  0.0  3.5322041146906784  0.7111120411555127  0.029993433762748507  6.274070446027043E-4
4  0.0  10.86451349846094  8.09086041556771  0.02998630487818541  9.062164380062569E-4
5  0.0  5.170939590480621  9.247385197767537  0.029990462092377275  -7.562353903921957E-4
6  0.0  7.810094490647536  5.894562685417494  0.02998223007176715  0.0010322734151480876
7  0.0  1.8344691636334969  9.170415876181147  0.02996573693342919  -0.0014332894043132597
8  0.0  7.896785179864069  8.211648068270167  0.029990290995629703  7.629904831982807E-4
9  0.0  7.969648403828281  7.180796960495585  0.029971920670055455  0.0012975668876415688
10  0.0  4.629494731793853  6.1832727797120395  0.02999941200549396  -1.870502729849996E-4
10
58.0
1  0.0  7.396955788237426  0.7264561247076776  0.029998399832920457  -3.0937993509204723E-4
2  0.0  4.74361131068444  0.7163580238128602  0.029992607253275926  6.657466715949907E-4
3  0.0  3.562197548453427  0.7117394482001155  0.029963817694940716  -0.0014728671441636546
4  0.0  10.894499803339126  8.091766632005715  0.029972165575662717  0.0012918975133723667
5  0.0  5.200930052572998  9.246628962377144  0.029998120778056973  -3.3534797614769365E-4
6  0.0  7.840076720719304  5.895594958832642  0.029999699402304115  -1.3320755006326895E-4
7  0.0  1.864434900566926  9.168982586776835  0.02999007819219058  -7.713096046944881E-4
8  0.0  7.926775470859699  8.212411058753364  0.029978553180970872  -0.0011340448208516768
9  0.0  7.999620324498337  7.182094527383227  0.029968733679399475  -0.0013692005452923181
10  0.0  4.659494143799347  6.183085729439054  0.029996866618094243  4.3324539958587504E-4
10
59.0
1  0.0  7.426954188070346  0.7261467447725856  0.029990768132658014  7.439995249623624E-4
2  0.0  4.7736039179377165  0.7170237704844552  0.029987437072707707  8.679437138403602E-4
3  0.0  3.5921613661483676  0.7102665810559519  0.02999294405963369  6.503961221311879E-4
4  0.0  10.924471968914789  8.093058529519087  0.029976009069451325  0.0011994118342633885
5  0.0  5.230928173351055  9.246293614400997  0.029990971592957202  7.357522615895049E-4
6  0.0  7.870076420121608  5.895461751282578  0.029972099492641128  0.0012934297364840255
7  0.0  1.8944249787591168  9.16821127717214  0.02999578058488835  5.028474751194964E-4
8  0.0  7.95675402404067  8.211277013932513  0.02999580548516965  5.013599264654694E-4
9  0.0  8.029589058177736  7.180725326837935  0.029999701569869457  -1.3271849446538523E-4
10  0.0  4.689491010417441  6.18351897483864  0.029984626045022764  -9.60161142799149E-4
10
60.0
1  0.0  7.456944956203004  0.726890744297548  0.029997336732739233  -3.9937128421204727E-4
2  0.0  4.803591355010425  0.7178917141982956  0.029974328687900075  0.0012406966550007638
3  0.0  3.622154310208001  0.710916977178083  0.02999920531821199  2.1768958578833317E-4
4  0.0  10.95444797798424  8.094257941353352  0.0299930767670346  -6.442472559261422E-4
5  0.0  5.260919144944012  9.247029366662586  0.029973691682482286  -0.0012559918007264662
6  0.0  7.900048519614249  5.896755181019063  0.029991922837590595  -6.958972510445845E-4
7  0.0  1.924420759344005  9.168714124647261  0.029995786316728654  5.025054439039544E-4
8  0.0  7.98674982952584  8.211778373858978  0.029993632633694235  -6.178267677847823E-4
9  0.0  8.059588759747605  7.18059260834347  0.029997231614686662  -4.071902931605382E-4
10  0.0  4.719475636462464  6.182558813695842  0.029975583674730303  -0.0012099966277807487
10
61.0
1  0.0  7.486942292935743  0.7264913730133359  0.02996759168579559  -0.0013939716759800687
2  0.0  4.833565683698325  0.7191324108532964  0.029977319462378593  -0.001166201668021944
3  0.0  3.652153515526213  0.7111346667638714  0.029998160738533394  -3.3175410338487544E-4
4  0.0  10.984441054751274  8.093613694097426  0.029992099957417143  -6.882213483302312E-4
5  0.0  5.290892836626494  9.245773374861859  0.02998551177240599  9.320902461143637E-4
6  0.0  7.93004044245184  5.896059283768018  0.02999496900301053  -5.491293002901033E-4
7  0.0  1.9544165456607336  9.169216630091165  0.029975907167787183  -0.0012019558844666696
8  0.0  8.016743462159534  8.211160547091193  0.029979859846038164  -0.0010989595497140955
9  0.0  8.089585991362291  7.180185418050309  0.029994454179784833  5.765647724143654E-4
10  0.0  4.749451220137194  6.181348817068061  0.029999130924479298  -2.2771090432489727E-4
10
62.0
1  0.0  7.516909884621539  0.7250974013373558  0.02999630503785252  -4.705237040819886E-4
2  0.0  4.863543003160704  0.7179662091852744  0.02999842848811689  3.0658885063963425E-4
3  0.0  3.6821516762647466  0.7108029126604865  0.02999857449995985  2.9195282214376827E-4
4  0.0  11.01443315470869  8.092925472749096  0.029969770928114016  -0.0013463056845942373
5  0.0  5.3208783483988995  9.246705465107974  0.029993493441833108  -6.24547543997896E-4
6  0.0  7.96003541145485  5.895510154467728  0.02999944653763068  -1.8142743959618333E-4
7  0.0  1.9843924528285208  9.168014674206699  0.029983191078347318  0.0010039727283711363
8  0.0  8.046723322005572  8.21006158754148  0.029999448630907425  1.8108098062934194E-4
9  0.0  8.119580445542077  7.180761982822723  0.029996007368293852  4.891323351222254E-4
10  0.0  4.779450351061674  6.181121106163737  0.02997967872329518  0.001103889545199504
10
63.0
1  0.0  7.546906189659391  0.7246268776332738  0.029996194344925356  4.775283253039887E-4
2  0.0  4.893541431648821  0.718272798035914  0.029979305973009192  -0.0011139667215383554
3  0.0  3.7121502507647066  0.7110948654826302  0.02998349200270174  -9.949451260848575E-4
4  0.0  11.044402925636804  8.091579167064502  0.029984498150217764  9.641468558192601E-4
5  0.0  5.350871841840733  9.246080917563976  0.029963405352896995  0.0014812319662979995
6  0.0  7.990034857992481  5.895328727028132  0.029999992110023035  1.3486235779102645E-5
7  0.0  2.014375643906868  9.16901864693507  0.029988426546054055  8.330556835648685E-4
8  0.0  8.07672277063648  8.21024266852211  0.0299998454336029  9.4775734943285E-5
9  0.0  8.14957645291037  7.1812511151578455  0.029964332659879432  -0.0014623531475276557
10  0.0  4.809430029784969  6.182224995708936  0.029976010165691954  0.001199384436421996
10
64.0
1  0.0  7.576902384004317  0.7251044059585778  0.029999301824344248  2.0395718152440076E-4
2  0.0  4.92352073762183  0.7171588313143756  0.02999678901028418  -4.3858585532811277E-4
3  0.0  3.7421337427674084  0.7100999203565453  0.02999985931099329  -9.027624609217832E-5
4  0.0  11.074387423787023  8.092543313920322  0.029971411782505477  -0.0013092685910426366
5  0.0  5.38083524719363  9.247562149530275  0.029997655592784625  -3.746563981525792E-4
6  0.0  8.020034850102505  5.895342213263911  0.029993687871484334  6.151392915214213E-4
7  0.0  2.044364070452922  9.169851702618635  0.029986703052398363  -8.929437425066962E-4
8  0.0  8.106722616070082  8.210337444257053  0.029986836339001625  -8.884564468393189E-4
9  0.0  8.17954078557025  7.179788762010318  0.02997585295265696  0.0012033072096054036
10  0.0  4.839406039950661  6.183424380145358  0.029978518390065496  -0.001134964147673247
10
65.0
1  0.0  7.606901685828661  0.7253083631401023  0.029993539481282774  -6.223325997657783E-4
2  0.0  4.9535175266321145  0.7167202454590476  0.0299994137327375  1.867730495549733E-4
3  0.0  3.7721336020784015  0.7100096441104532  0.029991454013164186  -7.158174741210117E-4
4  0.0  11.104358835569528  8.09123404532928  0.029990322630032734  7.617460380897818E-4
5  0.0  5.410832902786415  9.247187493132122  0.029992051691227317  -6.903215415644938E-4
6  0.0  8.050028537973988  5.895957352555432  0.029977971514281495  -0.001149318219174853
7  0.0  2.07435077350532  9.168958758876128  0.029995574454411707  -5.149967279925266E-4
8  0.0  8.136709452409082  8.209448987810214  0.029987556461387576  8.638089806727535E-4
9  0.0  8.209516638522906  7.180992069219924  0.02996324861436175  0.0014843991895545203
10  0.0  4.869384558340727  6.182289415997685  0.02999983166966777  -9.90367184295821E-5
10
66.0
1  0.0  7.636895225309944  0.7246860305403365  0.029991530336763213  -7.12612474639328E-4
2  0.0  4.983516940364852  0.7169070185086025  0.029984962001504238  9.496116302711923E-4
3  0.0  3.802125056091566  0.7092938266363322  0.02998877480014252  8.204233458015046E-4
4  0.0  11.13434915819956  8.09199579136737  0.029999142973088127  -2.2611802275833374E-4
5  0.0  5.440824954477642  9.246497171590558  0.029966699398272602  0.001413023585637512
6  0.0  8.08000650948827  5.894808034336258  0.029994745888362248  -5.611840808291827E-4
7  0.0  2.1043463479597317  9.168443762148135  0.029997487104210265  -3.879122487598948E-4
8  0.0  8.16669700887047  8.210312796790888  0.029984392316082666  -9.674326411907889E-4
9  0.0  8.239479887137268  7.182476468409479  0.029994069689324557  5.962314583644883E-4
10  0.0  4.899384390010394  6.182190379279255  0.029991139810869046  7.288630357649467E-4
10
67.0
1  0.0  7.666886755646707  0.7239734180656973  0.029963560436498497  0.0014780914884748462
2  0.0  5.013501902366356  0.7178566301388737  0.02999608472719364  4.8436506791861816E-4
3  0.0  3.8321138308917084  0.7101142499821337  0.029998519564612833  2.9754396572648E-4
4  0.0  11.164348301172648  8.091769673344611  0.029962905665039726  0.0014913056654922425
5  0.0  5.4707916538759145  9.247910195176196  0.029999136908903937  -2.269211335172892E-4
6  0.0  8.110001255376632  5.894246850255429  0.02996910589071291  -0.001361029239670059
7  0.0  2.134343835063942  9.168055849899375  0.029991652528683726  -7.074511139986773E-4
8  0.0  8.196681401186552  8.209345364149696  0.02999712046663213  -4.1529771292208656E-4
9  0.0  8.269473956826593  7.183072699867843  0.02999389293493019  6.050579211500327E-4
10  0.0  4.929375529821264  6.1829192423150205  0.029996344504963347  4.680008755910869E-4
10
68.0
1  0.0  7.696850316083205  0.7254515095541721  0.029996285346995936  -4.7177734324210384E-4
2  0.0  5.0434979870935495  0.7183409952067923  0.029997402634144448  3.943902699396992E-4
3  0.0  3.862112350456321  0.7104117939478601  0.02999999509696976  -1.6314991782179557E-6
4  0.0  11.194311206837687  8.093260979010104  0.029963375607911763  -0.0014818335463867975
5  0.0  5.500790790784818  9.247683274042679  0.029994757578811683  5.605588892509533E-4
6  0.0  8.139970361267345  5.892885821015758  0.02999893346890316  -2.52387020906013E-4
7  0.0  2.1643354875926257  9.167348398785377  0.029999644665941256  1.4501171422126897E-4
8  0.0  8.226678521653184  8.208930066436775  0.02999975543510466  -1.1992628530382369E-4
9  0.0  8.299467849761523  7.183677757788993  0.029999955158783218  -4.897908735247671E-5
10  0.0  4.9593718743262265  6.183387243190611  0.029999946958471503  5.376773098485825E-5
10
69.0
1  0.0  7.726846601430201  0.72497973221093  0.029992795004185942  -6.572338372895991E-4
2  0.0  5.073495389727694  0.718735385476732  0.029964018452318643  -0.0014687772700812175
3  0.0  3.892112345553291  0.7104101624486819  0.029990225837548203  -7.655473158827529E-4
4  0.0  11.224274582445599  8.091779145463716  0.02999626032492134  4.73365608751724E-4
5  0.0  5.53078554836363  9.24824383293193  0.029993567298367135  -6.209904977700489E-4
6  0.0  8.169969294736248  5.8926334339948525  0.029999816150743683  1.0363108403514538E-4
7  0.0  2.194335132258567  9.167493410499597  0.029972263334592294  0.0012896274973238206
8  0.0  8.25667827708829  8.20881014015147  0.029966832512831068  -0.0014101977265367136
9  0.0  8.329467804920306  7.183628778701641  0.029982828227258625  -0.0010147511885704463
10  0.0  4.989371821284698  6.183441010921596  0.029999986368466913  -2.2942794034117017E-5
10
70.0
1  0.0  7.756839396434387  0.7243224983736405  0.029996896071516833  -4.312012924582749E-4
2  0.0  5.103459408180012  0.7172666082066508  0.02997806711493016  0.0011468219272155666
3  0.0  3.9221025713908393  0.7096446151327992  0.029994020998572162  -5.986758866125762E-4
4  0.0  11.25427084277052  8.092252511072468  0.02997697304580851  0.0011750725470662912
5  0.0  5.5607791156619975  9.24762284243416  0.0299989430588765  2.5124456269644133E-4
6  0.0  8.199969110886991  5.8927370650788875  0.029983969308895547  9.804554876227335E-4
7  0.0  2.224307395593159  9.16878303799692  0.029971072505000914  0.0013170122930245072
8  0.0  8.286645109601121  8.207399942424933  0.02999110493654497  7.302966281904435E-4
9  0.0  8.359450633147564  7.18261402751307  0.02996480456237687  -0.0014526513754373666
10  0.0  5.019371807653165  6.183418068127562  0.02999414301509479  5.925312397156863E-4
10
71.0
1  0.0  7.786836292505904  0.7238912970811822  0.02998574947256274  -9.244117311581016E-4
2  0.0  5.133437475294943  0.7184134301338664  0.029990212714354057  7.660612428491592E-4
3  0.0  3.9520965923894114  0.7090459392461866  0.02998519824663451  -9.421223859063884E-4
4  0.0  11.284247815816329  8.093427583619535  0.0299855602893815  9.305281359884168E-4
5  0.0  5.590778058720874  9.247874086996855  0.029962788687185042  0.0014936540988780337
6  0.0  8.229953080195887  5.89371752056651  0.029998492918173858  -3.002184509193258E-4
7  0.0  2.25427846809816  9.170100050289944  0.029969830603594847  -0.001344976606424415
8  0.0  8.316636214537667  8.208130239053125  0.029991051033742156  7.325069088219762E-4
9  0.0  8.38941543770994  7.1811613761376325  0.02998837339880454  -8.34966690278111E-4
10  0.0  5.04936595066826  6.184010599367277  0.029999656870142576  -1.4246457000287348E-4
10
72.0
1  0.0  7.816822041978467  0.7229668853500241  0.029995502095708313  -5.191940931459772E-4
2  0.0  5.163427688009297  0.7191794913767156  0.029996676380896977  4.462225674893752E-4
3  0.0  3.982081790636046  0.7081038168602802  0.02998060661878588  0.001078394755927204
4  0.0  11.31423337610571  8.094358111755524  0.029977278394442523  0.0011672568449523698
5  0.0  5.620740847408059  9.249367741095734  0.029986731799014506  8.919778550901881E-4
6  0.0  8.259951573114062  5.893417302115591  0.029999838592619545  -9.69169581357367E-5
7  0.0  2.2842482987017547  9.16875507368352  0.029987828928700416  8.542977367391257E-4
8  0.0  8.346627265571408  8.208862745961946  0.029982686521354867  0.0010189295570173429
9  0.0  8.419403811108745  7.180326409447354  0.029999782084833233  -1.1306344466947962E-4
10  0.0  5.079365607538403  6.183868134797274  0.029993054960464217  6.452616667458378E-4
10
73.0
1  0.0  7.846817544074176  0.7224476912568781  0.029967319449802483  -0.0013998119421869098
2  0.0  5.193424364390194  0.7196257139442049  0.02999946816742891  -1.7781493587120845E-4
3  0.0  4.012062397254832  0.7091822116162074  0.0299865496230331  8.980813912851379E-4
4  0.0  11.344210654500152  8.095525368600477  0.029984405878396462  9.670122023957557E-4
5  0.0  5.650727579207073  9.250259718950824  0.02996720870852236  0.0014021806944402098
6  0.0  8.289951411706681  5.893320385157455  0.029998730426355213  -2.7546558200494496E-4
7  0.0  2.3142361276304553  9.16960937142026  0.029975258343067586  0.0012180294521711205
8  0.0  8.376609952092764  8.209881675518965  0.029993926371426272  -6.03398131798621E-4
9  0.0  8.449403593193578  7.1802133460026845  0.029996118888640688  -4.82244853300353E-4
10  0.0  5.109358662498867  6.18451339646402  0.029998259971321307  -3.2265643185972533E-4
10
74.0
1  0.0  7.876784863523978  0.7210478793146913  0.02999276698782584  -6.585111191040416E-4
2  0.0  5.223423832557622  0.7194478990083337  0.02999998065373021  2.9483144550245575E-5
3  0.0  4.042048946877865  0.7100802930074925  0.029999971522131946  3.764506968398223E-5
4  0.0  11.374195060378549  8.096492380802873  0.02999965502660331  -1.4285224812104433E-4
5  0.0  5.680694787915596  9.251661899645264  0.029982538367847696  -0.0010232797762781856
6  0.0  8.319950142133036  5.89304491957545  0.029977084722000103  0.0011722201371872586
7  0.0  2.344211385973523  9.170827400872431  0.029982037914201  0.0010378395788429853
8  0.0  8.40660387846419  8.209278277387165  0.0299681138827703  0.001382699818944263
9  0.0  8.479399712082218  7.179731101149384  0.02999593906036186  -4.93303524271634E-4
10  0.0  5.139356922470188  6.18419074003216  0.029983443482781022  -9.964062398816068E-4
10
75.0
1  0.0  7.9067776305118045  0.7203893681955872  0.029986329022057317  9.054171750756275E-4
2  0.0  5.253423813211352  0.7194773821528839  0.02997875682604366  -0.001128648592317512
3  0.0  4.0720489183999975  0.7101179380771765  0.029970676510430304  0.0013259932078032353
4  0.0  11.404194715405152  8.096349528554752  0.029994245419079153  -5.873246291854791E-4
5  0.0  5.710677326283443  9.250638619868985  0.029987448478890975  -8.675495408669548E-4
6  0.0  8.349927226855037  5.894217139712637  0.029962915711680627  -0.0014911037974338203
7  0.0  2.374193423887724  9.171865240451273  0.029976484001262637  0.001187482800736292
8  0.0  8.43657199234696  8.210660977206109  0.02999970834860691  -1.311772789900228E-4
9  0.0  8.50939565114258  7.179237797625112  0.02999802335807758  -3.439521598031667E-4
10  0.0  5.169340365952968  6.183194333792279  0.029972551530238308  -0.0012829120184985417
10
76.0
1  0.0  7.936763959533862  0.7212947853706628  0.02999409226834552  5.950945117998993E-4
2  0.0  5.283402570037396  0.7183487335605664  0.029999072461217247  2.3528694531691993E-4
3  0.0  4.102019594910428  0.7114439312849797  0.029999993151525895  1.0926499827579115E-5
4  0.0  11.434188960824232  8.095762203925567  0.02999819383968733  3.287473749607202E-4
5  0.0  5.740664774762334  9.249771070328118  0.029978839748431272  -0.0011264438813702272
6  0.0  8.379890142566717  5.892726035915204  0.029987263438361736  8.739221694710634E-4
7  0.0  2.4041699078889867  9.17305272325201  0.029995495349991096  5.1958366858651E-4
8  0.0  8.466571700695567  8.21052979992712  0.0299990398797071  -2.3940504535451888E-4
9  0.0  8.539393674500657  7.178893845465309  0.02996558975168229  -0.00143636322491025
10  0.0  5.199312917483207  6.18191142177378  0.029999383698698725  1.915363627302976E-4
10
77.0
1  0.0  7.966758051802207  0.7218898798824628  0.029999990012090718  -1.7542931790994795E-5
2  0.0  5.313401642498613  0.7185840205058833  0.029998164584287265  3.314061767868429E-4
3  0.0  4.1320195880619535  0.7114548577848073  0.029977246891401813  -0.0011680656197061387
4  0.0  11.464187154663918  8.096090951300528  0.02996744735975816  0.001397070943124325
5  0.0  5.770643614510766  9.248644626446747  0.02999723674480887  4.068121874866782E-4
6  0.0  8.409877406005078  5.893599958084675  0.02999750520297025  -3.86510126351446E-4
7  0.0  2.434165403238978  9.173572306920596  0.029994610404669032  5.683794085990805E-4
8  0.0  8.496570740575274  8.210290394881765  0.029984469508386843  -9.650371913133715E-4
9  0.0  8.56935926425234  7.177457482240398  0.029992478966053525  -6.715012664456081E-4
10  0.0  5.229312301181905  6.18210295813651  0.029962990958559498  -0.0014895909832167585
10
78.0
1  0.0  7.9967580418142985  0.7218723369506718  0.029995683397617916  -5.086118263150901E-4
2  0.0  5.343399807082901  0.7189154266826702  0.02998117009613222  -0.0010626138276844204
3  0.0  4.161996834953356  0.7102867921651012  0.02997765444088811  0.0011575589413504786
4  0.0  11.494154602023675  8.097488022243652  0.029991440055466414  -7.164020375203888E-4
5  0.0  5.800640851255574  9.249051438634234  0.029974800833190356  0.0012292369546063248
6  0.0  8.43987491120805  5.893213447958323  0.029999557021362484  1.621326679615096E-4
7  0.0  2.464160013643647  9.174140686329194  0.029975249465250854  0.0012182479123633457
8  0.0  8.52655521008366  8.209325357690451  0.029983247983428163  0.001002271841492732
9  0.0  8.599351743218394  7.1767859809739525  0.029975496332275097  -0.0012121584524158132
10  0.0  5.259275292140465  6.180613367153294  0.02999451946336491  -5.731584788019026E-4
10
79.0
1  0.0  8.026753725211917  0.7213637251243566  0.02998672990043835  8.920416796067406E-4
2  0.0  5.373380977179033  0.7178528128549857  0.029967647678072508  -0.0013927674331756204
3  0.0  4.191974489394243  0.7114443511064517  0.029993605854381444  6.191254574109808E-4
4  0.0  11.524146042079142  8.096771620206132  0.029992469645476125  -6.719174392674262E-4
5  0.0  5.830615652088764  9.25028067558884  0.02999867550873452  -2.8138266053655004E-4
6  0.0  8.469874468229412  5.893375580626285  0.029989640877189784  7.881297717932013E-4
7  0.0  2.4941352631088978  9.175358934241558  0.0299749171390136  -0.001226397565746037
8  0.0  8.55653845806709  8.210327629531944  0.029993852148990228  6.07076391002568E-4
9  0.0  8.629327239550669  7.175573822521537  0.02999011648168072  -7.698193913010965E-4
10  0.0  5.28926981160383  6.180040208674492  0.029975434777642366  0.0012136796823328428
10
80.0
1  0.0  8.056740455112354  0.7222557668039634  0.029986760184850716  -8.910230615706146E-4
2  0.0  5.403348624857105  0.7164600454218101  0.02999602762887637  4.8788827377235116E-4
3  0.0  4.2219680952486245  0.7120634765638626  0.029973656556704757  0.0012568297819152106
4  0.0  11.554138511724618  8.096099702766864  0.02999999452559888  6.078160566519544E-6
5  0.0  5.8606143275974985  9.249999292928303  0.029993680535619904  -6.154968782818515E-4
6  0.0  8.499864109106602  5.894163710398078  0.029999662966885273  1.411749031932102E-4
7  0.0  2.5241101802479116  9.174132536675812  0.02997149129866562  -0.0013074470597350893
8  0.0  8.58653231021608  8.210934705922947  0.029999558244480987  -1.6190619503675548E-4
9  0.0  8.65931735603235  7.174804003130236  0.029982772067756274  0.0010164091759596865
10  0.0  5.319245246381473  6.181253888356824  0.029972275631010393  0.0012893416842479789
10
81.0
1  0.0  8.086727215297206  0.7213647437423928  0.029999358889084365  1.953835303027712E-4
2  0.0  5.433344652485982  0.7169479336955824  0.029999376477205932  -1.9266410891095637E-4
3  0.0  4.2519417518053295  0.7133203063457778  0.02997934000282701  -0.0011130505266586925
4  0.0  11.584138506250218  8.09610578092743  0.029972539235351058  0.0012831992305718048
5  0.0  5.8906080081331185  9.24938379605002  0.029983733118794192  9.87652135583832E-4
6  0.0  8.529863772073487  5.894304885301271  0.029985504450520336  9.32325762716143E-4
7  0.0  2.554081671546577  9.172825089616076  0.02998774711616106  8.571647316432132E-4
8  0.0  8.616531868460562  8.21077279972791  0.02996533632307758  0.0014416405671476447
9  0.0  8.689300128100106  7.175820412306195  0.029969677376152963  -0.0013483866097325624
10  0.0  5.349217522012483  6.182543230041072  0.02999461061533951  5.683682909531167E-4
10
82.0
1  0.0  8.11672657418629  0.7215601272726956  0.02999666475322283  4.47003537746541E-4
2  0.0  5.463344028963188  0.7167552695866715  0.02998529105696117  9.391638351871526E-4
3  0.0  4.281921091808156  0.7122072558191191  0.029966111310557306  -0.0014254407750897851
4  0.0  11.614111045485568  8.097388980158003  0.02998082782627216  -0.0010722272760117692
5  0.0  5.920591741251912  9.250371448185604  0.029984919179972782  9.509628018484186E-4
6  0.0  8.559849276524007  5.8952372110639875  0.029988369000817118  -8.351246319143457E-4
7  0.0  2.584069418662738  9.17368225434772  0.029997945335817084  3.5069090283184576E-4
8  0.0  8.646497204783639  8.212214440295057  0.029968037305607702  0.0013843585264314707
9  0.0  8.719269805476259  7.1744720256964625  0.02999599066886534  -4.901553563355665E-4
10  0.0  5.379212132627823  6.183111598332025  0.029963650691326154  -0.0014762607250036431
10
83.0
1  0.0  8.146723238939513  0.7220071308104421  0.029999978775601382  3.133597717417147E-5
2  0.0  5.493329320020149  0.7176944334218586  0.02996555725764911  -0.0014370409592463862
3  0.0  4.311887203118713  0.7107818150440294  0.02999050032216611  7.547177658922624E-4
4  0.0  11.64409187331184  8.096316752881991  0.029998808682736355  2.668072273772489E-4
5  0.0  5.950576660431885  9.251322410987452  0.029985245722524454  9.406101423161562E-4
6  0.0  8.589837645524824  5.894402086432073  0.029987710818619322  -8.584336543150875E-4
7  0.0  2.614067363998555  9.17403294525055  0.029995159447541678  -5.386262122754531E-4
8  0.0  8.676465242089247  8.213598798821488  0.029983711862528635  9.882972350756087E-4
9  0.0  8.749265796145124  7.173981870340127  0.029988396821088566  8.341250391435026E-4
10  0.0  5.409175783319149  6.181635337607021  0.029995821300943897  5.004127914422256E-4
10
84.0
1  0.0  8.176723217715114  0.7220384667876163  0.029986619888654007  8.957321772598425E-4
2  0.0  5.523294877277798  0.7162573924626122  0.029998262045433703  3.2246353823497714E-4
3  0.0  4.34187770344088  0.7115365328099217  0.029977159723730558  -0.0011703005502627785
4  0.0  11.674090681994576  8.096583560109368  0.02999280861096192  6.566125997933453E-4
5  0.0  5.980561906154409  9.252263021129767  0.029979387906128144  0.001111759530607513
6  0.0  8.619825356343444  5.893543652777758  0.02999600778332011  4.891068830004741E-4
7  0.0  2.644062523446097  9.173494319038275  0.02999756369714513  3.8194334098061336E-4
8  0.0  8.706448953951776  8.214587096056563  0.02999979008550764  -1.1092026629932591E-4
9  0.0  8.779254192966214  7.17481599537927  0.029998017999024372  -3.444192361220249E-4
10  0.0  5.4391716046200935  6.182135750398464  0.02997439274333968  0.0012391481541867402
10
85.0
1  0.0  8.206709837603768  0.7229341989648761  0.029998958771008374  2.493614551979879E-4
2  0.0  5.553293139323231  0.7165798560008472  0.02998272143397118  0.001017901710817258
3  0.0  4.371854863164611  0.7103662322596589  0.029976685135307067  0.0011823945105839946
4  0.0  11.704083490605537  8.097240172709162  0.029984798745906652  -9.547526629833962E-4
5  0.0  6.010541294060538  9.253374780660375  0.02999996289611896  -4.398535534704429E-5
6  0.0  8.649821364126764  5.8940327596607585  0.029999989939086296  1.766733483112875E-5
7  0.0  2.6740600871432423  9.173876262379256  0.029995692871571056  5.080527870018314E-4
8  0.0  8.736448744037284  8.214476175790264  0.029983043887751578  0.0010083589168352657
9  0.0  8.809252210965237  7.174471576143148  0.02999995547386191  -4.8785718236815666E-5
10  0.0  5.469145997363433  6.183374898552651  0.029971343472919087  -0.0013108313805785387
10
86.0
1  0.0  8.236708796374776  0.723183560420074  0.029981812747267467  -0.0010443241200838356
2  0.0  5.583275860757202  0.7175977577116645  0.029999968963124735  3.9631951151485055E-5
3  0.0  4.401831548299918  0.7115486267702429  0.02998974772406765  7.840535229038917E-4
4  0.0  11.734068289351445  8.09628542004618  0.02996544672800439  -0.0014393439030093616
5  0.0  6.040541256956657  9.253330795305027  0.029971468439777573  -0.0013079709642862835
6  0.0  8.679821354065849  5.89405042699559  0.029978963019257676  -0.0011231583904240073
7  0.0  2.7040557800148135  9.174384315166257  0.029985326770301246  9.380228985768038E-4
8  0.0  8.766431787925036  8.215484534707098  0.029999056701026736  2.3728786016410502E-4
9  0.0  8.839252166439099  7.174422790424911  0.029981906023932654  0.0010416427660536632
10  0.0  5.499117340836352  6.182064067172072  0.029995818541194097  5.005781894524067E-4
10
87.0
1  0.0  8.266690609122044  0.7221392362999902  0.029984226121784203  9.725699757408092E-4
2  0.0  5.613275829720327  0.717637389662816  0.02999779987857104  -3.6291999835041445E-4
3  0.0  4.431821296023986  0.7123326802931468  0.02999579959882283  -5.017119763957073E-4
4  0.0  11.76403373607945  8.09484607614317  0.029997114207307666  4.1574958056477077E-4
5  0.0  6.070512725396434  9.252022824340742  0.02999713831732341  4.1400634218202563E-4
6  0.0  8.709800317085106  5.892927268605166  0.029994693205578692  -5.639928928723673E-4
7  0.0  2.734041106785115  9.175322338064834  0.02999048983771741  -7.551342753230126E-4
8  0.0  8.796430844626062  8.215721822567263  0.029994009538347216  5.992497755814905E-4
9  0.0  8.869234072463032  7.175464433190965  0.029993208553785136  -6.380823842978202E-4
10  0.0  5.529113159377546  6.182564645361524  0.029999767642120062  -1.1683278138043028E-4
10
88.0
1  0.0  8.296674835243829  0.723111806275731  0.029993756781979387  6.117700413262133E-4
2  0.0  5.643273629598898  0.7172744696644656  0.029986749764126977  -8.913736947152069E-4
3  0.0  4.461817095622809  0.7118309683167511  0.02999986452951832  -8.852508428365549E-5
4  0.0  11.794030850286758  8.095261825723735  0.029999612634158734  1.5149349960609702E-4
5  0.0  6.100509863713758  9.252436830682923  0.029977040888150012  -0.001173340560187739
6  0.0  8.739795010290685  5.8923632757122935  0.029998362964132455  -3.129344215093222E-4
7  0.0  2.764031596622832  9.174567203789511  0.029990161269516823  -7.680725931654897E-4
8  0.0  8.82642485416441  8.216321072342843  0.029998817195042993  -2.658484124291784E-4
9  0.0  8.899227281016817  7.174826350806667  0.02998429657229537  9.703955609117146E-4
10  0.0  5.559112927019666  6.182447812580144  0.02999325971684069  6.356729018454124E-4
10
89.0
1  0.0  8.326668592025808  0.7237235763170572  0.029968065384821045  -0.001383750545109004
2  0.0  5.673260379363025  0.7163830959697504  0.02997182634991741  0.0012997437171981061
3  0.0  4.4918169601523275  0.7117424432324674  0.029996624916925268  4.4966884848427846E-4
4  0.0  11.824030462920916  8.095413319223342  0.029987263499831805  -8.739200602198513E-4
5  0.0  6.130486904601908  9.251263490122735  0.029998041038229794  -3.424067006946301E-4
6  0.0  8.769793373254817  5.892050341290784  0.029998342328387342  3.1490638114133567E-4
7  0.0  2.794021757892349  9.173799131196345  0.0299918831888657  6.976039459707287E-4
8  0.0  8.856423671359453  8.216055223930415  0.029998431972213392  3.062477566995774E-4
9  0.0  8.929211577589111  7.1757967463675785  0.02998653227811358  8.986603438749113E-4
10  0.0  5.589106186736507  6.18308348548199  0.029997019938763785  4.224964773900401E-4
10
90.0
1  0.0  8.356636657410629  0.7223398257719482  0.029965113536755125  0.001446263879578479
2  0.0  5.7032322057129425  0.7176828396869485  0.029988880106098646  -8.165650384632766E-4
3  0.0  4.5218135850692525  0.7121921120809517  0.029996716336468863  4.4352847644878586E-4
4  0.0  11.854017726420748  8.094539399163121  0.029968741821791007  -0.0013690223149511278
5  0.0  6.160484945640138  9.25092108342204  0.02999916500334332  2.2317612367968152E-4
6  0.0  8.799791715583204  5.8923652476719255  0.029970402624764827  0.001332169279592044
7  0.0  2.824013641081215  9.174496735142316  0.029983635186998644  -9.90620741240388E-4
8  0.0  8.886422103331666  8.216361471687113  0.029963436225150852  0.0014806073285364276
9  0.0  8.959198109867225  7.1766954067114535  0.029967730329979632  0.0013909879041960848
10  0.0  5.619103206675271  6.18350598195938  0.02999500382346231  5.47224003932867E-4
10
91.0
1  0.0  8.386601770947385  0.7237860896515267  0.029963191809546864  0.0014855453760495873
2  0.0  5.733221085819041  0.7168662746484852  0.029975047732922536  -0.0012232014915846898
3  0.0  4.551810301405721  0.7126356405574005  0.02999277357205357  6.582111633236256E-4
4  0.0  11.88398646824254  8.093170376848171  0.02999983236121175  -9.882701650702938E-5
5  0.0  6.190484110643482  9.25114425954572  0.029989399434751502  7.972640860629517E-4
6  0.0  8.829762118207968  5.893697416951517  0.029999708399203417  -1.3116570726829404E-4
7  0.0  2.8539972762682138  9.173506114401077  0.029999809170230755  -1.0563252215881335E-4
8  0.0  8.916385539556817  8.21784207901565  0.029998844438882528  2.6275618303855643E-4
9  0.0  8.989165840197204  7.17808639461565  0.02996495029068133  -0.0014496422168927877
10  0.0  5.649098210498733  6.184053205963313  0.029986456784710274  -9.011758866626576E-4
10
92.0
1  0.0  8.416564962756931  0.7252716350275763  0.02999446626025875  5.759359705713701E-4
2  0.0  5.763196133551964  0.7156430731569005  0.029982976916876833  0.0010103482973858556
3  0.0  4.581803074977775  0.7132938517207241  0.029997216334551813  -4.0831441083643096E-4
4  0.0  11.913986300603751  8.093071549831665  0.02998140912682931  -0.0010558481186588582
5  0.0  6.220473510078233  9.251941523631784  0.029968956742284586  0.0013643094440318943
6  0.0  8.859761826607173  5.893566251244249  0.029993237827820256  6.367048639763938E-4
7  0.0  2.8839970854384447  9.173400481878918  0.029981749677181504  -0.0010461332490776464
8  0.0  8.9463843839957  8.21810483519869  0.029989592683317877  7.899614982294953E-4
9  0.0  9.019130790487885  7.176636752398757  0.029989456666489778  7.951083754639739E-4
10  0.0  5.679084667283443  6.18315203007665  0.029970350818741012  -0.0013333342722621725
10
93.0
1  0.0  8.44655942901719  0.7258475709981477  0.0299996155022607  -1.5092447289348057E-4
2  0.0  5.793179110468841  0.7166534214542863  0.02999896140158005  -2.4904478815969227E-4
3  0.0  4.611800291312327  0.7128855373098877  0.029977028434285152  -0.0011736586940240662
4  0.0  11.94396770973058  8.092015701713006  0.029995174445517796  -5.37790352233669E-4
5  0.0  6.250442466820518  9.253305833075816  0.029989497749107138  -7.93557330189303E-4
6  0.0  8.889755064434993  5.894202956108225  0.029995981792161574  4.906982823594892E-4
7  0.0  2.913978835115626  9.17235434862984  0.029993352864445336  -6.312625672949155E-4
8  0.0  8.976373976679017  8.218894796696919  0.029999866932496715  8.770696943920724E-5
9  0.0  9.049120247154375  7.177431860774221  0.029979511680489873  -0.00110841683466675
10  0.0  5.709055018102184  6.181818695804388  0.029997066429691202  4.1918264836712446E-4
10
94.0
1  0.0  8.476559044519451  0.7256966465252542  0.029995793447738166  -5.020795959075521E-4
2  0.0  5.82317807187042  0.7164043766661267  0.029998910096577767  2.551499508988022E-4
3  0.0  4.641777319746612  0.7117118786158636  0.02999849436277926  3.000740680228794E-4
4  0.0  11.973962884176098  8.091477911360773  0.029999984045335028  2.5802318563032783E-5
5  0.0  6.280431964569625  9.252512275745627  0.029988017813569398  -8.476414885100988E-4
6  0.0  8.919751046227155  5.894693654390585  0.029999958018476894  -4.7195016930580837E-5
7  0.0  2.9439721879800715  9.171723086062546  0.029996565220100867  -4.536336365769315E-4
8  0.0  9.006373843611515  8.218982503666359  0.02999881836315404  2.657165679627754E-4
9  0.0  9.079099758834865  7.1763234439395545  0.029999301705427573  2.0397467178918404E-4
10  0.0  5.739052084531875  6.182237878452756  0.029970336608103783  0.0013336536570463782
10
95.0
1  0.0  8.506554837967188  0.7251945669293467  0.029998706951451688  2.780102892386161E-4
2  0.0  5.853176981966998  0.7166595266170255  0.02997395829282831  -0.0012496130360188837
3  0.0  4.671775814109391  0.7120119526838865  0.029999995099883024  1.577020444178398E-6
4  0.0  12.003962868221432  8.091503713679336  0.02999068171342236  -7.474749789746218E-4
5  0.0  6.310419982383195  9.251664634257116  0.0299994364271669  -1.830915955768825E-4
6  0.0  8.949751004245632  5.894646459373654  0.029977175386191584  0.001169899288617848
7  0.0  2.9739687532001726  9.17126945242597  0.029966084542944624  -0.0014260033818663642
8  0.0  9.036372661974669  8.219248220234322  0.029997854475873716  3.5837874420996705E-4
9  0.0  9.109099060540292  7.176527418611344  0.029997213845499974  4.0849723052412097E-4
10  0.0  5.7690224211399785  6.183571532109802  0.02997721841885188  -0.0011687961107252945
10
96.0
1  0.0  8.53655354491864  0.7254725772185853  0.029981428095027473  0.0010553093682402898
2  0.0  5.883150940259826  0.7154099135810066  0.029984877417705075  9.522787014311257E-4
3  0.0  4.701775809209273  0.7120135297043307  0.02999416157455978  5.915910066933418E-4
4  0.0  12.033953549934855  8.090756238700362  0.029996748775178297  4.4132912756676544E-4
5  0.0  6.340419418810361  9.251481542661539  0.029982256546231576  0.0010315041812581807
6  0.0  8.979728179631824  5.895816358662271  0.029992106972366147  -6.879155748674921E-4
7  0.0  3.003934837743117  9.169843449044103  0.029978201773978076  0.0011432964963896104
8  0.0  9.066370516450542  8.219606598978531  0.0299881558695351  -8.4274315450561E-4
9  0.0  9.13909627438579  7.176935915841868  0.029999550278895195  -1.6337546951854885E-4
10  0.0  5.79899963955883  6.1824027359990765  0.029979712335497597  0.0011029763192436258
10
97.0
1  0.0  8.566534973013667  0.7265278865868255  0.029977036236803506  -0.0011734593888873255
2  0.0  5.9131358176775315  0.7163621922824377  0.02999929044111863  2.0562468093006871E-4
3  0.0  4.731769970783833  0.7126051207110241  0.029990188872741914  -7.669940399155265E-4
4  0.0  12.063950298710033  8.091197567827928  0.029999403356413802  -1.8843231991307296E-4
5  0.0  6.370401675356593  9.252513046842797  0.02999613439387695  -4.812794453036281E-4
6  0.0  9.00972028660419  5.895128443087404  0.029969773714175515  0.0013462436633513292
7  0.0  3.0339130395170955  9.170986745540493  0.02996929572954308  0.0013568426420149523
8  0.0  9.096358672320077  8.218763855824026  0.02998725233495461  -8.743030823220784E-4
9  0.0  9.169095824664685  7.17677254037235  0.029984980893536642  9.49014907282119E-4
10  0.0  5.828979351894327  6.18350571231832  0.02998606445900378  9.141371562676845E-4
10
98.0
1  0.0  8.596512009250471  0.7253544271979382  0.029989980141732642  -7.751126230943789E-4
2  0.0  5.94313510811865  0.7165678169633678  0.029989616452012677  7.890586424150308E-4
3  0.0  4.761760159656575  0.7118381266711086  0.029973145699832542  0.0012689544265295754
4  0.0  12.093949702066446  8.091009135508015  0.029963336417296715  0.0014826257868727469
5  0.0  6.40039780975047  9.252031767397494  0.029984429339142395  -9.66284474663749E-4
6  0.0  9.039690060318366  5.896474686750755  0.029962622736521245  -0.0014969793682277817
7  0.0  3.0638823352466384  9.172343588182507  0.029981291619435815  -0.0010591795458498976
8  0.0  9.126345924655032  8.217889552741704  0.02997446094959379  -0.0012374971762697368
9  0.0  9.199080805558221  7.177721555279632  0.029993946515662374  6.023959624582495E-4
10  0.0  5.858965416353331  6.184419849474588  0.029966076784796066  0.0014261664025299273
10
99.0
1  0.0  8.626501989392203  0.7245793145748438  0.029989720437828462  7.850965169278403E-4
2  0.0  5.9731247245706625  0.7173568756057829  0.02997520255607521  0.0012194015754710492
3  0.0  4.7917333053564075  0.7131070810976381  0.029984994632709542  -9.485807063075638E-4
4  0.0  12.123913038483742  8.092491761294887  0.02999989999704119  -7.555559229900082E-5
5  0.0  6.430382239089613  9.25106548292283  0.02998507011130353  9.461917882812769E-4
6  0.0  9.069652683054887  5.894977707382528  0.02998414183207363  9.751651522134384E-4
7  0.0  3.0938636268660744  9.171284408636657  0.029998817873517766  2.6577184107798323E-4
8  0.0  9.156320385604626  8.216652055565435  0.029973100440287333  -0.0012700230220141116
9  0.0  9.229074752073883  7.17832395124209  0.029999760197975754  -1.1872886738544637E-4
10  0.0  5.888931493138127  6.185846015877118  0.029968715758073916  -0.0013695927466846054
10
100.0
1  0.0  8.656491709830032  0.7253644110917716  0.029990594501689546  7.509659880627242E-4
2  0.0  6.003099927126738  0.7185762771812539  0.029992519564913472  6.696854696658867E-4
3  0.0  4.821718299989117  0.7121585003913306  0.029979938529361778  -0.001096810948016174
4  0.0  12.153912938480783  8.09241620570259  0.029999855523949657  9.152607358942377E-5
5  0.0  6.460367309200916  9.252011674711111  0.0299999657236662  4.2012603496591375E-5
6  0.0  9.09963682488696  5.895952872534741  0.029967525145943936  -0.0013954014143669068
7  0.0  3.123862444739592  9.171550180477736  0.02999128160037663  -7.230051499880661E-4
8  0.0  9.186293486044914  8.21538203254342  0.029973298196571345  -0.0012653472643554123
9  0.0  9.259074512271859  7.178205222374705  0.0299953214490065  -5.295277620403884E-4
10  0.0  5.918900208896201  6.184476423130433  0.029999776356912162  1.1457318732145632E-4
10
101.0
1  0.0  8.686482304331722  0.7261153770798343  0.02997521780923674  -0.0012190265660825348
2  0.0  6.033092446691652  0.7192459626509198  0.029998405120799116  -3.0886678101187934E-4
3  0.0  4.851698238518479  0.7110616894433144  0.029998496519936513  -2.9985833881308253E-4
4  0.0  12.183912794004733  8.092507731776179  0.029999848443236884  -9.381824351882934E-5
5  0.0  6.490367274924583  9.252053687314609  0.029999195653231794  -2.1901744021415585E-4
6  0.0  9.129604350032904  5.894557471120374  0.02998490776724052  -9.513225899128039E-4
7  0.0  3.153853726339969  9.170827175327748  0.02999788584746695  3.5574311285111663E-4
8  0.0  9.216266784241485  8.214116685279064  0.02999305780884185  6.451292548549164E-4
9  0.0  9.289069833720864  7.177675694612664  0.029970217145987372  0.0013363355500642733
10  0.0  5.948899985253113  6.1845909963177546  0.029990737759654978  -7.452228603607099E-4
