10
0.0
1  0.0  0.8668855481759818  0.9270247792018915  4.016355767749055  3.983577079318148
2  0.0  5.182749090038051  9.787526045137195  2.9648136811777475  4.817663316993132
3  0.0  6.664037545507403  7.330671045937316  2.175371506900537  5.221853962623361
4  0.0  0.44988339209027894  9.014173559459653  0.9515424079688216  5.576250267503863
5  0.0  9.151774825473767  8.247545230139137  4.984102261675896  2.675579310197555
6  0.0  4.1700180822019846  6.980639565782191  3.290175213549298  4.601602662567232
7  0.0  1.1314277619782398  6.676177225820386  3.4894761137607726  4.452365264833179
8  0.0  8.730884163739688  2.1404885778589575  3.7414817113854117  4.242795611783403
9  0.0  6.843343961107523  9.773205995301586  0.08117551390836701  5.656271787665593
10  0.0  5.872175349750133  7.3752242026810135  5.6334015368067405  0.5145747031320721
10
1.0
1  0.0  4.883241315925037  4.91060185852004  5.65202989267738  -0.23357673745758956
2  0.0  8.1475627712158  14.605189362130327  5.651100498306456  -0.25507480871410576
3  0.0  8.839409052407941  12.552525008560677  5.655931438306756  -0.1021741903480116
4  0.0  1.4014258000591004  14.590423826963516  5.656251108889461  0.08260383276061195
5  0.0  14.135877087149662  10.923124540336692  5.654553756983308  -0.161312768824913
6  0.0  7.460193295751282  11.582242228349422  5.652114794114933  0.23151318352765934
7  0.0  4.620903875739012  11.128542490653565  5.650034999214613  0.27767698437201105
8  0.0  12.4723658751251  6.38328418964236  5.65490514798836  -0.14848490581454854
9  0.0  6.924519475015891  15.42947778296718  5.6562927942566485  0.0796983415154852
10  0.0  11.505576886556874  7.889798905813086  5.6519652755050105  0.2351351196345999
10
2.0
1  0.0  10.535271208602417  4.67702512106245  5.655197439287527  0.1369011419813809
2  0.0  13.798663269522255  14.35011455341622  5.654684059217662  0.1566786214825324
3  0.0  14.495340490714696  12.450350818212666  5.656322830283616  -0.07753734334075414
4  0.0  7.057676908948562  14.673027659724127  5.651150226408541  -0.25397070414261763
5  0.0  19.79043084413297  10.761811771511779  5.653378240163213  -0.19827877760641546
6  0.0  13.112308089866215  11.81375541187708  5.656283301024477  0.08036926372469137
7  0.0  10.270938874953625  11.406219475025576  5.651049101606287  -0.2562109506535086
8  0.0  18.127271023113458  6.234799283827812  5.656765788165194  -0.03163570520514697
9  0.0  12.580812269272538  15.509176124482664  5.653144888298648  0.20482400226260616
10  0.0  17.157542162061883  8.124934025447686  5.6555021675078745  0.12367389908035552
10
3.0
1  0.0  16.190468647889944  4.8139262630438315  5.65620466500431  -0.08572506974907142
2  0.0  19.453347328739916  14.506793174898753  5.651771748324744  -0.2397417461316897
3  0.0  20.151663320998313  12.372813474871911  5.656334377962037  -0.07669031676043159
4  0.0  12.708827135357103  14.41905695558151  5.656449148243501  0.06769810437059821
5  0.0  25.443809084296184  10.563532993905364  5.656675988185015  -0.044908403346014314
6  0.0  18.76859139089069  11.894124675601772  5.6563718554953795  -0.07387443644288016
7  0.0  15.921987976559912  11.150008524372067  5.654995019629815  -0.1450218189170125
8  0.0  23.784036811278654  6.203163578622664  5.654584449390616  0.16023328215396496
9  0.0  18.233957157571187  15.71400012674527  5.654826768521531  -0.15144047679648123
10  0.0  22.813044329569756  8.248607924528041  5.6558101223227855  0.10868238234011558
10
4.0
1  0.0  21.846673312894254  4.72820119329476  5.655829023869582  0.10769425590280683
2  0.0  25.10511907706466  14.267051428767063  5.654998103658505  -0.14490151006362528
3  0.0  25.80799769896035  12.29612315811148  5.654196510672745  0.17338344412356987
4  0.0  18.365276283600604  14.486755059952108  5.654130671118083  -0.1755173892290309
5  0.0  31.1004850724812  10.51862459055935  5.653451825851734  -0.1961694491343999
6  0.0  24.42496324638607  11.820250239158892  5.65632510835472  -0.0773709803218422
7  0.0  21.576982996189727  11.004986705455055  5.656833212937326  0.01542728132775498
8  0.0  29.43862126066927  6.363396860776629  5.65116070427405  -0.2537374518450738
9  0.0  23.888783926092717  15.56255964994879  5.655915486663494  0.10305342168052867
10  0.0  28.46885445189254  8.357290306868157  5.656846720283094  0.009229475738080072
10
5.0
1  0.0  27.502502336763836  4.835895449197567  5.654574865582609  0.1605711353930577
2  0.0  30.760117180723164  14.122149918703437  5.651983324108678  -0.23470088196984112
3  0.0  31.462194209633093  12.469506602235048  5.6532100494137945  0.2030175785661814
4  0.0  24.019406954718686  14.311237670723077  5.6535589451166794  0.1930576444774503
5  0.0  36.75393689833293  10.32245514142495  5.650903969168644  -0.25939223433647146
6  0.0  30.081288354740792  11.74287925883705  5.655838023373859  0.10722058271840329
7  0.0  27.233816209127053  11.02041398678281  5.656071640902009  -0.0940935331681106
8  0.0  35.08978196494332  6.109659408931556  5.650625775742224  -0.2653833877950896
9  0.0  29.54469941275621  15.665613071629318  5.65340897252565  -0.19740058096795599
10  0.0  34.12570117217563  8.366519782606236  5.651493760329383  -0.24620779223665676
10
6.0
1  0.0  33.15707720234644  4.996466584590625  5.651330973914725  0.24991643257707358
2  0.0  36.41210050483184  13.887449036733596  5.653411567237362  -0.19732625630361286
3  0.0  37.11540425904689  12.67252418080123  5.652027944594328  -0.23362387190699968
4  0.0  29.672965899835365  14.504295315200528  5.65377882980897  0.18650722131841654
5  0.0  42.404840867501576  10.063062907088478  5.655686822014879  0.11491984722943148
6  0.0  35.73712637811465  11.850099841555453  5.656844330840821  0.010593235297353013
7  0.0  32.88988785002906  10.926320453614698  5.65514935996596  -0.1388730228539286
8  0.0  40.74040774068554  5.844276021136467  5.655955823483482  0.10081529052335274
9  0.0  35.198108385281856  15.468212490661362  5.652732259644574  -0.21591202091029527
10  0.0  39.77719493250501  8.12031199036958  5.653448755885431  0.1962579032229666
10
7.0
1  0.0  38.80840817626117  5.246383017167698  5.656828851346202  -0.016951300162776715
2  0.0  42.065512072069204  13.690122780429983  5.652867013009554  -0.21235473441496092
3  0.0  42.76743220364122  12.43890030889423  5.650649121221797  0.26488584113790503
4  0.0  35.32674472964433  14.690802536518945  5.6568540522353965  0.0014938902155683916
5  0.0  48.060527689516455  10.17798275431791  5.653708380311507  -0.18863072495070565
6  0.0  41.39397070895547  11.860693076852806  5.6547604770714095  -0.15389589647266877
7  0.0  38.54503720999502  10.78744743076077  5.656725139211251  0.03821909752260676
8  0.0  46.39636356416902  5.945091311659819  5.649894882602856  0.28051348548346533
9  0.0  40.85084064492643  15.252300469751066  5.656416937978358  0.07033792541403838
10  0.0  45.43064368839044  8.316569893592545  5.656279668024774  0.08062454396496549
10
8.0
1  0.0  44.46523702760737  5.229431717004921  5.651808782204146  0.23886709568313888
2  0.0  47.71837908507876  13.477768046015022  5.65242466569499  -0.22382001394622147
3  0.0  48.41808132486302  12.703786150032135  5.6553372287001675  -0.13099934991409154
4  0.0  40.98359878187973  14.692296426734513  5.656757033444058  -0.033164206325343816
5  0.0  53.71423606982796  9.989352029367204  5.656841390629798  -0.012061561156356218
6  0.0  47.048731186026885  11.706797180380137  5.656833708328106  0.015244550596662257
7  0.0  44.20176234920628  10.825666528283376  5.655297725682701  -0.1326937597932233
8  0.0  52.04625844677188  6.225604797143284  5.65071691883881  -0.2634355768472556
9  0.0  46.507257582904785  15.322638395165106  5.656854157643829  0.00101938596595343
10  0.0  51.08692335641521  8.397194437557511  5.656557056469609  -0.05798505759141867
10
9.0
1  0.0  50.117045809811515  5.46829881268806  5.655230215511903  -0.13554043515203068
2  0.0  53.370803750773746  13.2539480320688  5.656010371048685  -0.09770712660657492
3  0.0  54.07341855356319  12.572786800118044  5.656809852079202  -0.022411992764706602
4  0.0  46.64035581532379  14.65913222040917  5.656850533990002  0.006483525047204803
5  0.0  59.37107746045776  9.977290468210848  5.655614727436664  0.11841475753261159
6  0.0  52.70556489435499  11.7220417309768  5.653136106035697  -0.205066249381912
7  0.0  49.85706007488898  10.692972768490153  5.654022181835588  0.1789781196435178
8  0.0  57.69697536561069  5.962169220296029  5.651126563335552  -0.25449668988678753
9  0.0  52.16411174054861  15.32365778113106  5.651826223359904  -0.23845406463582214
10  0.0  56.74348041288482  8.339209379966093  5.649974835164777  -0.2788984797462346
10
10.0
1  0.0  55.77227602532342  5.332758377536029  5.656790943691196  0.02676227518850999
2  0.0  59.02681412182243  13.156240905462225  5.651508781545993  -0.2458627505510516
3  0.0  59.730228405642386  12.550374807353338  5.651974040770361  -0.23492433347348254
4  0.0  52.29720634931379  14.665615745456375  5.6503082767096355  -0.27205951214134555
5  0.0  65.02669218789443  10.09570522574346  5.650745333532988  -0.26282537083614516
6  0.0  58.35870100039069  11.516975481594887  5.653456305556443  -0.19604030494800037
7  0.0  55.51108225672456  10.87195088813367  5.656794614620601  -0.025974756964278416
8  0.0  63.34810192894624  5.7076725304092415  5.656580760989458  -0.05562458452828001
9  0.0  57.81593796390852  15.085203716495236  5.655354001309401  -0.13027325079909025
10  0.0  62.3934552480496  8.060310900219857  5.650174202246851  -0.2748299187937203
10
11.0
1  0.0  61.42906696901462  5.359520652724539  5.654245597705299  0.17177520435224092
2  0.0  64.67832290336843  12.910378154911173  5.652438728538399  0.22346458359037338
3  0.0  65.38220244641275  12.315450473879855  5.653749547828827  0.18739277047244068
4  0.0  57.94751462602343  14.39355623331503  5.6560333190777285  0.09636956720135166
5  0.0  70.67743752142741  9.832879854907315  5.656473811096549  0.065605063667972
6  0.0  64.01215730594713  11.320935176646886  5.65603231677606  -0.09642837541325426
7  0.0  61.167876871345165  10.845976131169392  5.650992552930764  -0.2574551741974431
8  0.0  69.0046826899357  5.652047945880962  5.656356430627901  0.07504618374320114
9  0.0  63.471291965217915  14.954930465696146  5.651714194633335  0.24109471620109524
10  0.0  68.04362945029645  7.7854809814261365  5.655910093969218  -0.1033489667926835
10
12.0
1  0.0  67.08331256671993  5.53129585707678  5.6556016178231  -0.11903923923115037
2  0.0  70.33076163190682  13.133842738501547  5.656826203590876  -0.017812983120224397
3  0.0  71.03595199424157  12.502843244352295  5.653062800472638  -0.20707721727041883
4  0.0  63.603547945101155  14.489925800516382  5.656841735969268  -0.011898495544000317
5  0.0  76.33391133252395  9.898484918575287  5.652586235119293  0.21970173995645473
6  0.0  69.66818962272319  11.224506801233632  5.650988947833226  0.2575342918268029
7  0.0  66.81886942427593  10.58852095697195  5.652875126417983  0.21213864599562404
8  0.0  74.6610391205636  5.727094129624163  5.653574911260111  0.19258951884839315
9  0.0  69.12300615985126  15.196025181897241  5.651041771387652  -0.25637257659885093
10  0.0  73.69953954426566  7.682132014633453  5.6525636091130655  0.22028310178196248
10
13.0
1  0.0  72.73891418454302  5.41225661784563  5.65547954490667  -0.12470411838526106
2  0.0  75.9875878354977  13.116029755381323  5.651684788718068  -0.24178306179881418
3  0.0  76.68901479471421  12.295766027081877  5.656233031911988  -0.0838325038855492
4  0.0  69.26038968107042  14.47802730497238  5.656740638853987  -0.035851704810163657
5  0.0  81.98649756764324  10.11818665853174  5.655266238758322  -0.1340289847768242
6  0.0  75.31917857055642  11.482041093060435  5.652938936357075  0.21043141832469678
7  0.0  72.47174455069391  10.800659602967574  5.655486283671635  -0.12439813182666559
8  0.0  80.31461403182371  5.919683648472557  5.655596303139987  -0.11929147458782348
9  0.0  74.77404793123891  14.93965260529839  5.6547483357688835  -0.1543413720266518
10  0.0  79.35210315337872  7.9024151164154155  5.6535119545375965  0.19442885562718024
10
14.0
1  0.0  78.39439372944969  5.287552499460369  5.655755605421133  0.11148332497475238
2  0.0  81.63927262421578  12.874246693582508  5.654599131974758  -0.1597142970128618
3  0.0  82.3452478266262  12.211933523196327  5.6509798810855925  -0.25773316349641573
4  0.0  74.91713031992441  14.442175600162217  5.656090923234323  -0.09292721940484198
5  0.0  87.64176380640156  9.984157673754916  5.656330177867796  -0.07699947364800368
6  0.0  80.97211750691349  11.692472511385132  5.656813561720154  -0.021455254343692394
7  0.0  78.12723083436555  10.676261471140908  5.6530683346054955  -0.20692608409919544
8  0.0  85.9702103349637  5.800392173884733  5.656853797765291  -0.002260687601637873
9  0.0  80.4287962670078  14.785311233271738  5.656779127652995  -0.02915306072171168
10  0.0  85.00561510791631  8.096843972042596  5.656833653333044  0.01526494411157253
10
15.0
1  0.0  84.05014933487082  5.3990358244351215  5.653754396088984  -0.18724643842934802
2  0.0  87.29387175619054  12.714532396569647  5.656798070064186  -0.025210999942668767
3  0.0  87.9962277077118  11.954200359699911  5.654127762504346  -0.17561106251488506
4  0.0  80.57322124315873  14.349248380757375  5.652123703470643  0.23129556992149583
5  0.0  93.29809398426936  9.907158200106913  5.655209457481519  0.13640378298119898
6  0.0  86.62893106863365  11.67101725704144  5.656792257830029  -0.026483046543922143
7  0.0  83.78029916897104  10.469335387041712  5.656821655409414  -0.019203095872197703
8  0.0  91.62706413272899  5.798131486283095  5.652089639152039  0.23212649782005665
9  0.0  86.0855753946608  14.756158172550027  5.656079277263438  0.09363337712122963
10  0.0  90.66244876124935  8.112108916154169  5.6564057373483845  0.0712329593115408
10
16.0
1  0.0  89.70390373095981  5.211789386005774  5.654332095792411  -0.16890396825354292
2  0.0  92.95066982625472  12.689321396626978  5.656138444927075  -0.08998828711522941
3  0.0  93.65035547021614  11.778589297185025  5.655338192389631  0.1309577401270616
4  0.0  86.22534494662938  14.580543950678871  5.6499072565387305  0.28026414774459696
5  0.0  98.95330344175088  10.043561983088113  5.653055220119236  -0.20728405216670723
6  0.0  92.28572332646368  11.644534210497518  5.655983579895947  -0.09924587622380361
7  0.0  89.43712082438046  10.450132291169513  5.651938388442124  0.23578051924240853
8  0.0  97.27915377188103  6.030257984103152  5.6546678165595745  0.15726374141996396
9  0.0  91.74165467192424  14.849791549671256  5.656581637752738  0.055535353051735896
10  0.0  96.31885449859773  8.18334187546571  5.655076244080663  -0.14181915820704313
10
17.0
1  0.0  95.35823582675222  5.042885417752231  5.655186754554966  0.13734180392749704
2  0.0  98.6068082711818  12.599333109511749  5.653008425968934  0.20855631355640847
3  0.0  99.30569366260578  11.909547037312088  5.652810324053759  0.2138584584982365
4  0.0  91.8752522031681  14.860808098423469  5.656592491206208  -0.05441864046033597
5  0.0  4.606358661870118  9.836277930921405  5.65080175552219  0.26160947954409014
6  0.0  97.94170690635963  11.545288334273714  5.656245344013916  0.08299764045379014
7  0.0  95.08905921282258  10.685912810411923  5.651889761543786  -0.23694329143594717
8  0.0  2.9338215884406083  6.187521725523116  5.655937920839881  0.10181471212690531
9  0.0  97.39823630967697  14.905326902722992  5.656384271644695  0.07291756640573066
10  0.0  1.973930742678391  8.041522717258665  5.656114257279054  -0.09149594856944882
10
18.0
1  0.0  1.0134225813071822  5.180227221679728  5.654369465156859  0.16764829704391956
2  0.0  4.25981669715074  12.807889423068158  5.654109752597684  0.1761899701452079
3  0.0  4.958503986659537  12.123405495810324  5.652320330831342  -0.2264395673699043
4  0.0  97.53184469437431  14.806389457963133  5.653125057604418  -0.20537059936867302
5  0.0  10.257160417392308  10.097887410465495  5.654406300558993  0.1664012866499539
6  0.0  3.597952250373538  11.628285974727504  5.656066042620845  0.09442945256317949
7  0.0  0.7409489743663613  10.448969518975975  5.656799528312379  0.02488164955980551
8  0.0  8.589759509280489  6.289336437650021  5.65681516921534  0.021027157089310005
9  0.0  3.0546205813216716  14.978244469128722  5.656568824187036  0.056825498108856946
10  0.0  7.630044999957445  7.9500267686892165  5.656515420829994  0.0619136003837934
10
19.0
1  0.0  6.667792046464041  5.347875518723648  5.654953686857943  -0.14662468922983699
2  0.0  9.913926449748423  12.984079393213365  5.652052012899282  0.23304086225634918
3  0.0  10.610824317490879  11.89696592844042  5.651876556778051  -0.23725805980553702
4  0.0  3.184969751978727  14.601018858594461  5.656430074091098  0.06927349361613344
5  0.0  15.9115667179513  10.264288697115449  5.656666735716193  -0.046059103789544684
6  0.0  9.254018292994383  11.722715427290684  5.651139326770714  0.25421311812226155
7  0.0  6.39774850267874  10.47385116853578  5.656848177052264  -0.008288653718041626
8  0.0  14.24657467849583  6.31036359473933  5.65524443074272  -0.13494602088791538
9  0.0  8.711189405508708  15.035069967237579  5.656585606371104  -0.05512964533964054
10  0.0  13.286560420787438  8.01194036907301  5.655917887614326  -0.10292156510814061
10
20.0
1  0.0  12.322745733321984  5.201250829493811  5.655659991269413  -0.11623279724091257
2  0.0  15.565978462647706  13.217120255469714  5.656585761682791  -0.05511370725625429
3  0.0  16.26270087426893  11.659707868634882  5.653050683025747  -0.20740775092106645
4  0.0  8.841399826069825  14.670292352210595  5.6568496001641435  0.007252663150208901
5  0.0  21.568233453667496  10.218229593325903  5.6566604490712145  0.046824821552619154
6  0.0  14.905157619765097  11.976928545412946  5.65629219012169  -0.07974120621346906
7  0.0  12.054596679731004  10.465562514817739  5.651577970137079  -0.24426716410772262
8  0.0  19.90181910923855  6.175417573851415  5.653981402405208  0.18026175760841873
9  0.0  14.367775011879813  14.979940321897939  5.656242551822851  0.08318770911947566
10  0.0  18.942478308401764  7.909018803964869  5.653718716593264  -0.18832066706290532
10
21.0
1  0.0  17.978405724591397  5.085018032252899  5.651401811309435  0.24830941812269042
2  0.0  21.222564224330497  13.16200654821346  5.651791564202576  0.23927414153771948
3  0.0  21.915751557294676  11.452300117713817  5.652151401021465  0.23061773550854972
4  0.0  14.498249426233969  14.677545015360804  5.6531463034867135  0.20478493932539807
5  0.0  27.22489390273871  10.265054414878522  5.655372694886229  0.1294591902309743
6  0.0  20.56144980988679  11.897187339199476  5.652292988508639  -0.22712105154756246
7  0.0  17.706174649868082  10.221295350710017  5.653817100333464  0.1853434540977141
8  0.0  25.555800511643756  6.355679331459833  5.6514760264925705  0.2466145210237624
9  0.0  20.024017563702664  15.063128031017413  5.654683769535917  0.15668907602987533
10  0.0  24.59619702499503  7.720698136901963  5.654951965672643  0.14669105608426586
10
22.0
1  0.0  23.62980753590083  5.333327450375589  5.653203819350167  -0.2031909862288789
2  0.0  26.874355788533073  13.40128068975118  5.651086066433936  -0.2553943416683776
3  0.0  27.56790295831614  11.682917853222367  5.655480239546123  0.12467261168085694
4  0.0  20.151395729720683  14.882329954686202  5.6553224472149815  0.131635929845758
5  0.0  32.88026659762494  10.394513605109497  5.656853316351352  -0.0032491975473894013
6  0.0  26.213742798395426  11.670066287651913  5.654189849130029  -0.1736005472195709
7  0.0  23.359991750201544  10.40663880480773  5.654583023040493  0.16028360971171768
8  0.0  31.207276538136327  6.602293852483595  5.652937267782384  0.21047623741663907
9  0.0  25.678701333238582  15.21981710704729  5.656067157853531  -0.09436262952410318
10  0.0  30.251148990667673  7.867389192986229  5.652046211497077  -0.2331815239283432
10
23.0
1  0.0  29.283011355251  5.13013646414671  5.65638311640506  0.07300712600668513
2  0.0  32.525441854967006  13.145886348082803  5.656246227138813  -0.08293743411718785
3  0.0  33.22338319786226  11.807590464903225  5.656777577669058  0.029452279717951883
4  0.0  25.806718176935664  15.013965884531961  5.655266323992033  0.13402538834728453
5  0.0  38.53711991397629  10.391264407562106  5.656737929757109  0.036276632247854955
6  0.0  31.867932647525457  11.496465740432342  5.65469848431049  -0.1561571373221176
7  0.0  29.01457477324204  10.566922414519448  5.656843737896459  0.010905274943336566
8  0.0  36.86021380591871  6.812770089900234  5.64979659617895  0.2824861444474506
9  0.0  31.334768491092113  15.125454477523187  5.655576383257074  0.1202321635206748
10  0.0  35.90319520216475  7.6342076690578855  5.655736112286719  0.1124678984240328
10
24.0
1  0.0  34.93939447165606  5.203143590153395  5.650834885798095  -0.26089287734089145
2  0.0  38.18168808210582  13.062948913965615  5.654516444731165  -0.1626154244370129
3  0.0  38.88016077553132  11.837042744621176  5.650820513635836  -0.261203986708536
4  0.0  31.4619845009277  15.147991272879246  5.65594926050344  -0.10118281776365755
5  0.0  44.1938578437334  10.427541039809961  5.652089288211037  -0.2321350427876775
6  0.0  37.52263113183595  11.340308603110223  5.65179671043666  0.2391525536082456
7  0.0  34.6714185111385  10.577827689462785  5.649841511402616  0.2815863917730557
8  0.0  42.51001040209766  7.095256234347685  5.6568303492584056  -0.016443834986398575
9  0.0  36.99034487434919  15.24568664104386  5.656176833649587  -0.08754214119931115
10  0.0  41.55893131445147  7.746675567481918  5.653773353483427  -0.18667315672256182
10
25.0
1  0.0  40.590229357454156  4.942250712812504  5.653225729863008  -0.20258047096112858
2  0.0  43.83620452683699  12.900333489528602  5.655858849256025  -0.10611633847962905
3  0.0  44.53098128916716  11.57583875791264  5.653139595717525  0.20497002544446297
4  0.0  37.11793376143114  15.046808455115588  5.654496564633411  0.16330523735923255
5  0.0  49.845947131944435  10.195405997022284  5.652593152017895  -0.21952370660226408
6  0.0  43.17442784227261  11.57946115671847  5.655153279488029  -0.13871332126290925
7  0.0  40.32126002254111  10.85941408123584  5.653275549722264  0.201185384440319
8  0.0  48.16684075135607  7.078812399361286  5.651766109385802  -0.2398746439249256
9  0.0  42.64652170799878  15.15814449984455  5.6523596234305185  -0.2254566198017449
10  0.0  47.2127046679349  7.560002410759356  5.653300619047369  -0.20047970141301114
10
26.0
1  0.0  46.243455087317166  4.739670241851375  5.656851502471155  0.005574853343697335
2  0.0  49.492063376093014  12.794217151048974  5.656853612161171  -0.0026852521508632455
3  0.0  50.184120884884685  11.780808783357104  5.656336895525621  0.07650440716444207
4  0.0  42.77243032606455  15.21011369247482  5.656758116134095  -0.03297901682958071
5  0.0  55.49854028396233  9.97588229042002  5.65021569609746  -0.2739755236766396
6  0.0  48.82958112176063  11.44074783545556  5.656250481013054  0.08264681506011402
7  0.0  45.97453557226338  11.060599465676159  5.656643642607784  0.04881291371049222
8  0.0  53.81860686074187  6.838937755436361  5.650966743245308  -0.2580210587055702
9  0.0  48.2988813314293  14.932687880042804  5.652837529388899  0.21313813908457244
10  0.0  52.86600528698227  7.359522709346345  5.654319197622555  0.16933520424603618
10
27.0
1  0.0  51.90030658978832  4.745245095195072  5.65213735097336  0.23096182743433197
2  0.0  55.148916988254186  12.79153189889811  5.65664325089499  -0.04885828593151861
3  0.0  55.840457780410304  11.857313190521547  5.656854239366443  -3.3846993942656723E-4
4  0.0  48.429188442198644  15.17713467564524  5.653419296857581  0.19710467756586497
5  0.0  61.14875598005979  9.701906766743381  5.655841830804619  0.1070195539172248
6  0.0  54.485831602773686  11.523394650515675  5.656787023923443  0.027578360563143677
7  0.0  51.63117921487116  11.10941237938665  5.653871616314758  0.1836729327644798
8  0.0  59.46957360398718  6.580916696730791  5.650163618144663  0.275047428990779
9  0.0  53.9517188608182  15.145826019127377  5.656063607377573  0.0945752044620062
10  0.0  58.52032448460483  7.528857913592382  5.650745988765618  0.26281128295660505
10
28.0
1  0.0  57.552443940761684  4.976206922629404  5.6511788127706515  -0.25333382342683025
2  0.0  60.80556023914917  12.742673612966591  5.651999184703488  -0.23431862092268016
3  0.0  61.49731201977675  11.85697472058212  5.653453568620464  -0.19611921744831473
4  0.0  54.08260773905622  15.374239353211104  5.656169171030638  0.08803583749013578
5  0.0  66.80459781086441  9.808926320660605  5.652256419903233  0.22802930439461291
6  0.0  60.14261862669713  11.550973011078819  5.654302252803919  0.16990007044297728
7  0.0  57.28505083118592  11.293085312151131  5.6552581263530755  -0.13437084623337664
8  0.0  65.11973722213185  6.855964125721569  5.656853592202427  -0.0027269738770842613
9  0.0  59.60778246819577  15.240401223589382  5.655990169741161  0.09886961004970925
10  0.0  64.17107047337045  7.791669196548987  5.653987764721059  -0.18006209035938925
10
29.0
1  0.0  63.203622753532336  4.722873099202574  5.655524306934595  -0.1226573017473052
2  0.0  66.45755942385266  12.50835499204391  5.655289354758985  -0.13305004302785503
3  0.0  67.15076558839722  11.660855503133805  5.656828908757206  -0.016932130662034868
4  0.0  59.73877691008686  15.46227519070124  5.650558940769876  -0.26680265531965874
5  0.0  72.45685423076765  10.036955625055219  5.656758494920898  0.032913980923846654
6  0.0  65.79692087950104  11.720873081521797  5.656472371876474  -0.06572903618750345
7  0.0  62.940308957538996  11.158714465917754  5.653855532875032  -0.18416735155384073
8  0.0  70.77659081433427  6.8532371518444855  5.655863679661471  -0.10585857115145322
9  0.0  65.26377263793694  15.339270833639091  5.650562673465155  0.26672358958733033
10  0.0  69.82505823809151  7.611607106189597  5.655467388667503  0.12525420439408397
10
30.0
1  0.0  68.85914706046694  4.600215797455268  5.6568536054957645  -0.0026992572186684146
2  0.0  72.11284877861164  12.375304949016055  5.655609447624286  0.11866665893552415
3  0.0  72.80759449715443  11.64392337247177  5.655725027344271  0.1130239579542414
4  0.0  65.38933585085674  15.195472535381581  5.653982541401876  -0.18022602898244927
5  0.0  78.11361272568854  10.069869605979065  5.652238342737718  0.2284769504470167
6  0.0  71.45339325137752  11.655144045334293  5.652097206568427  -0.23194216413015503
7  0.0  68.59416449041403  10.974547114363913  5.656527154687142  -0.06083213202713045
8  0.0  76.43245449399573  6.747378580693033  5.656827502856556  -0.01739548578477418
9  0.0  70.9143353114021  15.605994423226422  5.6533736403518855  -0.19840988527413678
10  0.0  75.48052562675902  7.736861310583681  5.653057132186921  0.20723189964530692
10
31.0
1  0.0  74.51600066596271  4.5975165402366  5.656846223897037  -0.009528860466947597
2  0.0  77.76845822623592  12.493971607951579  5.6518116587795735  0.23879902362299069
3  0.0  78.4633195244987  11.756947330426012  5.654010949510806  -0.1793326038731307
4  0.0  71.04331839225861  15.015246506399132  5.652878308171547  -0.21205384458572277
5  0.0  83.76585106842626  10.29834655642608  5.6537861708957085  0.18628455058978952
6  0.0  77.10549045794595  11.423201881204138  5.652083582403662  -0.23227392777272868
7  0.0  74.25069164510117  10.913714982336783  5.653843005167255  0.1845515454318328
8  0.0  82.08928199685229  6.729983094908259  5.6551912164016365  0.13715795979017115
9  0.0  76.56770895175399  15.407584537952285  5.651921840236837  0.23617686561954332
10  0.0  81.13358275894593  7.944093210228988  5.652397803990468  0.22449736177462293
10
32.0
1  0.0  80.17284688985974  4.587987679769652  5.652396513206032  -0.2245298588078169
2  0.0  83.4202698850155  12.732770631574569  5.654183719739794  -0.17380006740353912
3  0.0  84.1173304740095  11.57761472655288  5.656466340053433  0.0662460854882661
4  0.0  76.69619670043016  14.803192661813409  5.656021374208916  0.09706809203797113
5  0.0  89.41963723932197  10.48463110701587  5.654335705166787  -0.16878309535025104
6  0.0  82.75757404034961  11.190927953431409  5.654117203738297  -0.17595069306660222
7  0.0  79.90453465026843  11.098266527768615  5.655460694781818  -0.12555608220207587
8  0.0  87.74447321325393  6.86714105469843  5.655499810102291  -0.1237816542665835
9  0.0  82.21963079199082  15.643761403571828  5.656636031768601  0.04968706166796855
10  0.0  86.7859805629364  8.16859057200361  5.65600814976032  -0.09783562666466995
10
33.0
1  0.0  85.82524340306577  4.363457820961835  5.653051494348922  0.20738563653101755
2  0.0  89.07445360475529  12.55897056417103  5.656254650922613  0.08236093683481802
3  0.0  89.77379681406293  11.643860812041147  5.654085515571436  -0.17696604930128473
4  0.0  82.35221807463908  14.900260753851379  5.655088909742893  -0.14131320852263626
5  0.0  95.07397294448876  10.315848011665619  5.656645435043693  0.04860475490467535
6  0.0  88.4116912440879  11.014977260364807  5.650801942338242  -0.2616054442597778
7  0.0  85.55999534505025  10.97271044556654  5.656515712571589  -0.061886940712137475
8  0.0  93.39997302335621  6.743359400431847  5.650214303668684  -0.2740042383209226
9  0.0  87.87626682375942  15.693448465239797  5.656788432263716  -0.027287957187010436
10  0.0  92.44198871269673  8.07075494533894  5.655484999755316  -0.12445648855173988
10
34.0
1  0.0  91.47829489741468  4.5708434574928525  5.6548100839143585  -0.15206220720624497
2  0.0  94.73070825567791  12.641331501005848  5.656304095058884  -0.07889223168419016
3  0.0  95.42788232963437  11.466894762739862  5.655964637531391  -0.10031958430143945
4  0.0  88.00730698438197  14.758947545328743  5.653373783416419  0.1984058088362016
5  0.0  0.7306183795324444  10.364452766570293  5.652489867473004  -0.22216727507673067
6  0.0  94.06249318642615  10.753371816105028  5.656822525610262  -0.018945019090367717
7  0.0  91.21651105762184  10.910823504854402  5.656840637040968  0.012409960592676605
8  0.0  99.0501873270249  6.469355162110924  5.649976829721308  0.27885807073201574
9  0.0  93.53305525602313  15.666160508052787  5.651576456483041  0.24430218281182747
10  0.0  98.09747371245204  7.946298456787201  5.651039576385615  -0.25642095492279326
10
35.0
1  0.0  97.13310498132904  4.4187812502866075  5.6564764463419115  0.06537745772911922
2  0.0  0.3870123507367964  12.562439269321658  5.655208366958841  -0.1364489878259756
3  0.0  1.0838469671657691  11.366575178438422  5.656842246444606  0.011653275915300944
4  0.0  93.66068076779838  14.957353354164944  5.6539498183341435  -0.1812496945082509
5  0.0  6.383108247005448  10.142285491493563  5.653147610415635  0.20474885799924572
6  0.0  99.71931571203642  10.734426797014661  5.652460527348375  0.22291250922396544
7  0.0  96.87335169466282  10.92323346544708  5.654850065111926  0.15056806136636305
8  0.0  4.700164156746212  6.748213232842939  5.650747462503144  0.2627795939838074
9  0.0  99.18463171250617  15.910462690864614  5.654401137270144  -0.16657664553629598
10  0.0  3.748513288837657  7.689877501864407  5.656582667657487  -0.055430352307488134
10
36.0
1  0.0  2.789581427670953  4.484158708015727  5.65495718581299  0.1464896809402266
2  0.0  6.0422207176956375  12.425990281495682  5.656208225069829  0.0854898511662639
3  0.0  6.740689213610375  11.378228454353723  5.6544327871218885  0.16549880942472972
4  0.0  99.31463058613252  14.776103659656693  5.650956506485559  -0.25824515834482836
5  0.0  12.036255857421082  10.347034349492809  5.652091914953596  0.2320710772935658
6  0.0  5.3717762393848005  10.957339306238627  5.652020944331091  0.23379316680064843
7  0.0  2.5282017597747455  11.073801526813442  5.652916240461203  0.21104022917434065
8  0.0  10.350911619249356  7.0109928268267465  5.654662348408652  -0.15746023462943376
9  0.0  4.839032849776316  15.743886045328319  5.65684571526493  -0.009826173661833306
10  0.0  9.405095956495144  7.634447149556919  5.656764551198459  0.031856118792551305
10
37.0
1  0.0  8.444538613483942  4.6306483889559535  5.654852516603535  -0.15047596307256142
2  0.0  11.698428942765467  12.511480132661946  5.65685424918408  5.905958659776354E-5
3  0.0  12.395122000732265  11.543727263778452  5.656466971580476  0.06619214016179885
4  0.0  4.96558709261808  14.517858501311865  5.655675314572635  0.11548478745598033
5  0.0  17.688347772374676  10.579105426786375  5.65013216727332  -0.27569274989252607
6  0.0  11.023797183715892  11.191132473039275  5.6515394069249645  0.24515776955711044
7  0.0  8.181118000235948  11.284841755987783  5.654946701924742  0.14689383373874937
8  0.0  16.00557396765801  6.853532592197313  5.6554192156299745  0.12741073535324965
9  0.0  10.495878565041245  15.734059871666485  5.652583809993903  0.21976412581410582
10  0.0  15.061860507693602  7.66630326834947  5.653894996322629  0.18295182578471905
10
38.0
1  0.0  14.099391130087477  4.480172425883392  5.655721835454915  0.11318356752833274
2  0.0  17.355283191949546  12.511539192248543  5.655431991901777  0.12684236269447505
3  0.0  18.05158897231274  11.609919403940252  5.65308458910319  0.20648154504460225
4  0.0  10.621262407190715  14.633343288767845  5.651791930653832  0.23926548559343716
5  0.0  23.338479939647996  10.30341267689385  5.652186254412462  -0.2297619320749757
6  0.0  16.675336590640857  11.436290242596385  5.656817373595922  0.020425517945141664
7  0.0  13.83606470216069  11.431735589726532  5.654679645826464  -0.15683782412378713
8  0.0  21.660993183287985  6.980943327550563  5.656821269546073  -0.019316428529936227
9  0.0  16.148462375035148  15.95382399748059  5.656641148982725  -0.049101034973013866
10  0.0  20.71575550401623  7.849255094134189  5.653111518273526  -0.2057429511871853
10
39.0
1  0.0  19.75511296554239  4.593355993411725  5.6568512154030035  -0.0058589071946518485
2  0.0  23.010715183851325  12.638381554943019  5.655169854651734  0.13803591937714008
3  0.0  23.70467356141593  11.816400948984853  5.656157583195359  0.08877721589254292
4  0.0  16.273054337844545  14.872608774361282  5.65583186254207  -0.1075450726622376
5  0.0  28.99066619406046  10.073650744818874  5.656715487775375  0.03962184198406223
6  0.0  22.33215396423678  11.456715760541528  5.656851651529618  -0.0054214930251596126
7  0.0  19.490744347987153  11.274897765602745  5.654895913607418  -0.14883617257279466
8  0.0  27.317814452834057  6.961626899020627  5.65298562798861  -0.20917334857534925
9  0.0  21.805103524017873  15.904722962507577  5.654627744543989  -0.15869804861240125
10  0.0  26.368867022289756  7.643512142947004  5.656853894530776  0.0020039790465850335
10
40.0
1  0.0  25.411964180945397  4.587497086217073  5.655591198177486  -0.11953325519413327
2  0.0  28.66588503850306  12.776417474320159  5.656333515336098  0.07675391381279792
3  0.0  29.36083114461129  11.905178164877396  5.652285358882837  0.22731084830846024
4  0.0  21.928886200386614  14.765063701699045  5.654969965296791  0.14599551907930644
5  0.0  34.64738168183583  10.113272586802935  5.656701336797777  -0.04159310363805312
6  0.0  27.9890056157664  11.451294267516367  5.6511983017762235  -0.2528987030443733
7  0.0  25.145640261594572  11.12606159302995  5.653358379978065  -0.1988442293147645
8  0.0  32.97080008082267  6.752453550445278  5.656663266612074  -0.04648320300524771
9  0.0  27.45973126856186  15.746024913895177  5.653092903393321  0.20625378930845023
10  0.0  32.02572091682053  7.645516121993589  5.6566021750868964  -0.0534025542667541
10
41.0
1  0.0  31.067555379122883  4.46796383102294  5.65401602591457  -0.17917248310263775
2  0.0  34.32221855383916  12.853171388132957  5.656296919335557  0.0794050396076157
3  0.0  35.013116503494125  12.132489013185857  5.651222700852325  0.2523528984801663
4  0.0  27.583856165683407  14.911059220778352  5.651802752544121  -0.23900972016786434
5  0.0  40.304083018633605  10.071679483164882  5.65277758289585  -0.21472214210497453
6  0.0  33.64020391754262  11.198395564471994  5.652702998243852  0.2166767492024963
7  0.0  30.798998641572638  10.927217363715187  5.6497953437653905  0.2825111919321147
8  0.0  38.62746334743474  6.70597034744003  5.65651665038135  -0.06180116470223665
9  0.0  33.11282417195518  15.952278703203627  5.6561269671934555  -0.09070684090515005
10  0.0  37.68232309190743  7.592113567726835  5.656296998029923  0.07939943373665026
10
42.0
1  0.0  36.72157140503745  4.288791347920303  5.654269599246787  -0.17098332969485833
2  0.0  39.97851547317472  12.932576427740573  5.652465110886541  -0.22279625268482897
3  0.0  40.66433920434645  12.384841911666024  5.652265018004256  0.2278160798656385
4  0.0  33.23565891822753  14.672049500610488  5.6559644303332695  0.10033126534078166
5  0.0  45.956860601529456  9.856957341059907  5.652770565264105  0.21490680883521188
6  0.0  39.292906915786475  11.415072313674491  5.653160230559927  -0.20440011647655215
7  0.0  36.44879398533803  11.2097285556473  5.653155178401876  0.20453979785861165
8  0.0  44.28397999781609  6.6441691827377936  5.65436012390445  0.16796305903161873
9  0.0  38.76895113914864  15.861571862298476  5.649845322927792  -0.2815099056711386
10  0.0  43.33862008993735  7.671513001463485  5.655513570389593  -0.12315135053736971
10
43.0
1  0.0  42.37584100428424  4.117808018225444  5.655276874661556  0.1335794554494626
2  0.0  45.630980584061255  12.709780175055744  5.655596388654501  0.119287420284692
3  0.0  46.316604222350705  12.612657991531663  5.65676891337387  0.031071863268876582
4  0.0  38.8916233485608  14.772380765951269  5.6553574365311405  -0.13012403725659344
5  0.0  51.60963116679356  10.071864149895118  5.654955585983314  0.1465514263189831
6  0.0  44.9460671463464  11.210672197197939  5.651201896877505  -0.2528183552040793
7  0.0  42.1019491637399  11.414268353505912  5.655359034488627  0.13005456942324906
8  0.0  49.93834012172054  6.812132241769413  5.6509066292752665  -0.2593342769724896
9  0.0  44.41879646207643  15.580061956627338  5.65065547113231  -0.2647503476154735
10  0.0  48.994133660326945  7.5483616509261156  5.650940351757105  0.2585984162428587
10
44.0
1  0.0  48.03111787894579  4.251387473674907  5.6535580326553685  -0.1930843634215791
2  0.0  51.28657697271576  12.829067595340437  5.656761986601251  -0.0323083107432077
3  0.0  51.97337313572457  12.643729854800538  5.652851276686239  0.21277322121627584
4  0.0  44.54698078509194  14.642256728694676  5.6539124339103575  0.18241214234222505
5  0.0  57.26458675277688  10.2184155762141  5.653266196976963  0.20144802336489356
6  0.0  50.5972690432239  10.95785384199386  5.6519393872379835  0.23575657570454792
7  0.0  47.75730819822853  11.544322922929162  5.65630941372476  0.07850997521758074
8  0.0  55.58924675099581  6.552797964796923  5.655651733606755  0.11663390652337739
9  0.0  50.06945193320874  15.315311609011864  5.6565181430774345  -0.061664390338527275
10  0.0  54.64507401208405  7.8069600671689745  5.65602202083241  0.09703040687790228
10
45.0
1  0.0  53.68467591160116  4.058303110253328  5.654358081400234  -0.16803180444136573
2  0.0  56.94333895931701  12.796759284597229  5.651359779671539  0.24926419861435226
3  0.0  57.626224412410814  12.856503076016814  5.654251953888997  0.17156585307821484
4  0.0  50.200893219002296  14.8246688710369  5.656851377999598  0.005699756492492677
5  0.0  62.91785294975384  10.419863599578994  5.654933302977074  0.14740874764002165
6  0.0  56.249208430461884  11.193610417698407  5.65300779955014  0.2085732922147098
7  0.0  53.413617611953285  11.622832898146742  5.654801346910602  0.1523867677262065
8  0.0  61.244898484602565  6.669431871320301  5.655142108715463  0.1391679928475566
9  0.0  55.725970076286174  15.253647218673336  5.656589230639383  -0.05475651390074386
10  0.0  60.30109603291646  7.903990474046877  5.655442928498115  -0.1263537989167388
10
46.0
1  0.0  59.339033993001394  3.8902713058119622  5.655635842496553  -0.11740194661194094
2  0.0  62.59469873898855  13.046023483211581  5.656824771465545  0.018262117450829878
3  0.0  63.28047636629981  13.02806892909503  5.6540558271220105  0.17791206757170475
4  0.0  55.8577445970019  14.830368627529394  5.654379312000546  -0.1673158570496284
5  0.0  68.57278625273092  10.567272347219015  5.656256859339504  -0.08220913072652974
6  0.0  61.90221623001202  11.402183709913118  5.655773301794534  -0.11058190949770277
7  0.0  59.06841895886389  11.775219665872948  5.65611943910377  -0.09117505466115591
8  0.0  66.90004059331802  6.808599864167857  5.655703567525658  -0.11409275295800926
9  0.0  61.38255930692556  15.198890704772593  5.652259181837102  0.2279608329037785
10  0.0  65.95653896141458  7.777636675130138  5.653530468109786  -0.19388977836483556
10
47.0
1  0.0  64.99466983549794  3.7728693592000213  5.652402098368304  -0.22438921177622698
2  0.0  68.25152351045409  13.06428560066241  5.649919572058339  0.2800157661134807
3  0.0  68.93453219342182  13.205980996666735  5.651410198099223  0.24811846529452344
4  0.0  61.51212390900244  14.663052770479766  5.65650603590421  0.06276516373969385
5  0.0  74.22904311207043  10.485063216492486  5.652385819855833  0.22479889566612019
6  0.0  67.55798953180656  11.291601800415414  5.654814445430246  0.15189992677228326
7  0.0  64.72453839796766  11.684044611211792  5.655904758172495  -0.10364056388178719
8  0.0  72.55574416084369  6.694507111209848  5.656305201257503  -0.07881288110020047
9  0.0  67.03481848876265  15.426851537676372  5.656844293357396  0.010613232771932934
10  0.0  71.61006942952437  7.583746896765303  5.6568155168705685  0.020933420465553243
10
48.0
1  0.0  70.64707193386624  3.548480147423794  5.649970178598279  -0.2789927973086332
2  0.0  73.90144308251243  13.344301366775891  5.655896897816247  -0.10406863731479343
3  0.0  74.58594239152104  13.454099461961258  5.652515790137341  -0.22150675440727774
4  0.0  67.16862994490666  14.72581793421946  5.656302439411392  -0.07901084677915492
5  0.0  79.88142893192627  10.709862112158607  5.6558771445142435  0.10513670225670634
6  0.0  73.2128039772368  11.443501727187698  5.6567677657724875  -0.031280091389671916
7  0.0  70.38044315614016  11.580404047330005  5.656154396966556  -0.0889799846926254
8  0.0  78.2120493621012  6.615694230109647  5.650321023907385  0.27179464084155947
9  0.0  72.69166278212005  15.437464770448305  5.65663454985107  -0.04985548546731124
10  0.0  77.26688494639494  7.604680317230856  5.656854184831048  -8.553125065230817E-4
10
49.0
1  0.0  76.29704211246452  3.269487350115161  5.655987562610621  0.09901864265852524
2  0.0  79.55733998032868  13.240232729461098  5.653249379372118  -0.20191942608071206
3  0.0  80.23845818165839  13.23259270755398  5.656817510553897  0.020387552349868235
4  0.0  72.82493238431805  14.646807087440305  5.652070507091477  0.23259188048319776
5  0.0  85.53730607644052  10.814998814415313  5.656547718559623  -0.058888943426830896
6  0.0  78.86957174300929  11.412221635798026  5.654905789076438  0.1484604885812682
7  0.0  76.03659755310672  11.491424062637378  5.6516733454661265  0.2420504000156186
8  0.0  83.86237038600858  6.8874888709512065  5.6502489731271  0.2732883855493118
9  0.0  78.34829733197111  15.387609284980993  5.655596475985932  0.11928327969795224
10  0.0  82.92373913122599  7.6038250047243325  5.654045361065754  -0.1782443688054568
10
50.0
1  0.0  81.95302967507514  3.3685059927736862  5.650680759661285  0.2642100535440095
2  0.0  85.21058935970079  13.038313303380386  5.655859430897225  0.10608533325075944
3  0.0  85.89527569221228  13.252980259903849  5.655415799850293  0.12756226245905847
4  0.0  78.47700289140953  14.879398967923503  5.652108928397211  0.23165634360525664
5  0.0  91.19385379500014  10.756109870988482  5.655375873261524  0.12932026960789672
6  0.0  84.52447753208573  11.560682124379294  5.656720409423701  0.038912846328223116
7  0.0  81.68827089857284  11.733474462652996  5.655348522529161  0.13051087589635904
8  0.0  89.51261935913568  7.160777256500518  5.655511646006881  0.12323969279636608
9  0.0  84.00389380795704  15.506892564678946  5.655976394338674  0.09965453669391089
10  0.0  88.57778449229174  7.425580635918876  5.656099122416512  0.09242682186026115
10
51.0
1  0.0  87.60371043473643  3.6327160463176957  5.652344463971784  0.22583635802833504
2  0.0  90.86644879059801  13.144398636631145  5.6547715705179655  0.1534877365191942
3  0.0  91.55069149206257  13.380542522362907  5.656295103136112  -0.07953430856208434
4  0.0  84.12911181980674  15.11105531152876  5.654530771230017  -0.1621164927232661
5  0.0  96.84922966826166  10.885430140596378  5.656374303878102  0.07368673169248884
6  0.0  90.18119794150942  11.599594970707518  5.65361759526635  -0.19133239792240744
7  0.0  87.343619421102  11.863985338549355  5.654959052328442  -0.14641760989928665
8  0.0  95.16813100514257  7.284016949296884  5.655945611381642  -0.10138659227307632
9  0.0  89.65987020229572  15.606547101372858  5.656751760392514  -0.034051744392535506
10  0.0  94.23388361470825  7.518007457779137  5.6544171849838625  -0.16603101565431364
10
52.0
1  0.0  93.25605489870821  3.858552404346031  5.65337227693399  -0.19844872988803303
2  0.0  96.52122036111598  13.29788637315034  5.655604633846599  -0.1188958603690301
3  0.0  97.20698659519869  13.301008213800822  5.656416742347942  0.07035365581043902
4  0.0  89.78364259103675  14.948938818805495  5.654505692161657  0.16298888707960618
5  0.0  2.5056039721397525  10.959116872288867  5.656480208923976  -0.06505110338319213
6  0.0  95.83481553677578  11.40826257278511  5.656776775030777  -0.029606037769513614
7  0.0  92.99857847343044  11.717567728650069  5.656732365008841  0.03713422493454667
8  0.0  0.8240766165242093  7.1826303570238075  5.6560194783859545  -0.0971784961742238
9  0.0  95.31662196268823  15.572495356980323  5.655183800907433  0.13746336949944338
10  0.0  99.8883007996921  7.3519764421248235  5.6551632143453014  0.13830769723968056
10
53.0
1  0.0  98.90942717564221  3.660103674457998  5.655841729068485  -0.10702493040213991
2  0.0  2.1768249949625726  13.17899051278131  5.6543619657500015  -0.16790104311704665
3  0.0  2.863403337546629  13.371361869611261  5.655638500444236  0.11727383464727169
4  0.0  95.43814828319842  15.111927705885101  5.652560763153807  0.22035611825877668
5  0.0  8.16208418106373  10.894065768905675  5.65678489148354  -0.02801234519903723
6  0.0  1.4915923118065564  11.378656535015597  5.6546027318256  -0.15958679528858163
7  0.0  98.65531083843928  11.754701953584616  5.655247470203456  0.13481858461433846
8  0.0  6.480096094910164  7.085451860849584  5.656553009348201  -0.05837852716379489
9  0.0  0.9718057635956683  15.709958726479766  5.656368134440012  0.07415880050003958
10  0.0  5.543464014037411  7.490284139364504  5.650508850821077  0.26786139474119514
10
54.0
1  0.0  4.565268904710692  3.553078744055858  5.650915030749766  0.2591511436331063
2  0.0  7.831186960712574  13.011089469664263  5.655809798311693  0.10869924250639354
3  0.0  8.519041837990866  13.488635704258533  5.656478856938246  -0.06516855845115882
4  0.0  1.0907090463522167  15.332283824143877  5.654078062780412  -0.1772040066852962
5  0.0  13.818869072547269  10.866053423706637  5.654766910018236  -0.15365934193146116
6  0.0  7.146195043632156  11.219069739727017  5.656810830894138  -0.022163561960744167
7  0.0  4.310558308642726  11.889520538198955  5.655658196093421  0.11632011417341032
8  0.0  12.136649104258364  7.027073333685789  5.655110210925719  0.1404581869585203
9  0.0  6.62817389803568  15.784117526979806  5.656271140640669  -0.0812205857864321
10  0.0  11.193972864858488  7.758145534105699  5.6531402325990125  0.20495245929337474
10
55.0
1  0.0  10.216183935460457  3.8122298876889644  5.656853924612066  -0.0019171857088146086
2  0.0  13.486996759024267  13.119788712170656  5.65363027163303  -0.19095746037967187
3  0.0  14.175520694929112  13.423467145807374  5.653178145953954  0.20390402180589098
4  0.0  6.744787109132629  15.155079817458581  5.6567928233993925  0.026361963833299765
5  0.0  19.473635982565504  10.712394081775175  5.656254990650443  0.08233760223590285
6  0.0  12.803005874526294  11.196906177766273  5.656757147245288  -0.03314478977713437
7  0.0  9.966216504736147  12.005840652372365  5.655626990667512  0.11782759622919796
8  0.0  17.791759315184084  7.167531520644309  5.654782216610162  0.15309501203326908
9  0.0  12.284445038676349  15.702896941193373  5.6500252706820975  -0.27787486509880205
10  0.0  16.847113097457502  7.9630979933990735  5.656518968495726  -0.061588627587119436
10
56.0
1  0.0  15.873037860072522  3.8103127019801497  5.6565751455247435  -0.056192731128645
2  0.0  19.140627030657296  12.928831251790985  5.656130317549672  -0.09049768447573896
3  0.0  19.828698840883067  13.627371167613266  5.651714976890298  0.2410763779259767
4  0.0  12.401579932532021  15.18144178129188  5.6531636889605545  0.20430444395046166
5  0.0  25.129890973215947  10.794731684011078  5.655008621583012  -0.14449044889474358
6  0.0  18.459763021771582  11.163761387989139  5.6554175946372744  0.1274826665361171
7  0.0  15.62184349540366  12.123668248601563  5.656734098738681  0.036869176382083084
8  0.0  23.446541531794246  7.320626532677578  5.656066652681788  0.0943929045058186
9  0.0  17.934470309358446  15.42502207609457  5.656270512109238  -0.08126434546271392
10  0.0  22.503632065953227  7.901509365811954  5.656037036424781  0.09615114451323502
10
57.0
1  0.0  21.529613005597266  3.7541199708515047  5.654664827657782  -0.15737117541013065
2  0.0  24.796757348206967  12.838333567315246  5.656050943666617  0.0953295476124368
3  0.0  25.480413817773364  13.868447545539242  5.656622587578787  0.05119474283036049
4  0.0  18.054743621492577  15.385746225242341  5.652262438212877  -0.22788007716304476
5  0.0  30.784899594798958  10.650241235116335  5.650420021507071  0.26972871658766157
6  0.0  24.115180616408857  11.291244054525256  5.650975697603543  -0.2578248729160326
7  0.0  21.27857759414234  12.160537424983646  5.655708734500886  0.11383633203160118
8  0.0  29.102608184476033  7.415019437183397  5.653318161101561  -0.19998442279155365
9  0.0  23.590740821467683  15.343757730631857  5.650400615346485  -0.270134940524265
10  0.0  28.159669102378007  7.997660510325189  5.652131534217042  0.2311041321770987
10
58.0
1  0.0  27.18427783325505  3.596748795441374  5.654537478201048  -0.1618823882320268
2  0.0  30.452808291873584  12.933663114927683  5.650874195961878  0.26004003809457843
3  0.0  31.137036405352152  13.919642288369602  5.656853197101612  -0.0034505711504947702
4  0.0  23.707006059705453  15.157866148079297  5.652816225963871  -0.21370239933044508
5  0.0  36.43531961630603  10.919969951703996  5.650041324096432  -0.27754825887156365
6  0.0  29.7661563140124  11.033419181609224  5.650822215886941  -0.26116715803986623
7  0.0  26.934286328643225  12.274373757015248  5.651783345669728  -0.2394681891406538
8  0.0  34.75592634557759  7.215035014391844  5.656848021241829  -0.008394317864477138
9  0.0  29.241141436814168  15.073622790107592  5.652010322919863  -0.23404980155363928
10  0.0  33.81180063659505  8.228764642502288  5.65370366645709  0.18877195737102961
10
59.0
1  0.0  32.838815311456095  3.434866407209347  5.654810317348059  -0.15205352614760684
2  0.0  36.103682487835464  13.19370315302226  5.654605768687129  0.1594791545320844
3  0.0  36.79388960245377  13.916191717219107  5.656731053074945  0.03733353958063215
4  0.0  29.359822285669324  14.944163748748851  5.655454443409617  -0.12583734945728936
5  0.0  42.08536094040247  10.642421692832432  5.6560383741393006  -0.09607242197249521
6  0.0  35.41697852989934  10.772252023569358  5.656473504665187  0.06563147888593997
7  0.0  32.58606967431295  12.034905567874594  5.656089875800851  0.09299095043672452
8  0.0  40.41277436681942  7.206640696527367  5.656846207784835  0.009538420746348851
9  0.0  34.89315175973403  14.839572988553952  5.656754762266096  -0.033549360349125215
10  0.0  39.46550430305214  8.417536599873317  5.650952811947043  0.2583259900742204
10
60.0
1  0.0  38.49362562880415  3.2828128810617403  5.656566347113046  -0.057071540264346424
2  0.0  41.75828825652259  13.353182307554345  5.656340545961313  -0.07623403514245428
3  0.0  42.45062065552871  13.95352525679974  5.65673381079683  0.036913328053391405
4  0.0  35.01527672907894  14.818326399291562  5.652402130152653  -0.22438841112182714
5  0.0  47.741399314541766  10.546349270859936  5.653005275590505  0.20864168841799355
6  0.0  41.073452034564525  10.837883502455298  5.656460223107215  0.06676634186398421
7  0.0  38.242159550113804  12.127896518311319  5.656816869810789  0.02056456719897322
8  0.0  46.06962057460426  7.2161791172737155  5.656806618434467  -0.02321382424368208
9  0.0  40.54990652200013  14.806023628204827  5.6514578417794175  -0.2470308939989497
10  0.0  45.116457114999186  8.675862589947538  5.656357352144731  0.0749766953010954
10
61.0
1  0.0  44.150191975917195  3.225741340797394  5.656817918131741  0.02027414865384659
2  0.0  47.414628802483904  13.276948272411891  5.650297099278097  0.272291553099884
3  0.0  48.10735446632554  13.99043858485313  5.656841964222431  -0.011789478873715937
4  0.0  40.66767885923159  14.593937988169735  5.652770393150967  -0.21491133594085787
5  0.0  53.39440459013227  10.75499095927793  5.656602721505515  -0.05334464412103032
6  0.0  46.72991225767174  10.904649844319282  5.65676303016489  -0.03212507680542522
7  0.0  43.898976419924594  12.148461085510291  5.65175188112939  -0.24020964624763388
8  0.0  51.726427193038724  7.192965293030033  5.656252518803032  0.08250723322446275
9  0.0  46.20136436377955  14.558992734205876  5.655225988269908  -0.13571669608649203
10  0.0  50.77281446714392  8.750839285248635  5.654476827313937  -0.1639872231905324
10
62.0
1  0.0  49.80700989404894  3.2460154894512407  5.655136330558853  0.1394025924913874
2  0.0  53.064925901762  13.549239825511775  5.6528289184593685  0.2133663952676551
3  0.0  53.76419643054797  13.978649105979414  5.650808122870215  -0.2614719076765146
4  0.0  46.32044925238256  14.379026652228877  5.656148619147169  -0.08934650591715818
5  0.0  59.05100731163778  10.7016463151569  5.653201209737747  -0.20326357819264815
6  0.0  52.38667528783663  10.872524767513857  5.656851294215604  -0.005782311931275333
7  0.0  49.55072830105399  11.908251439262658  5.653321098173729  -0.19990137804374697
8  0.0  57.38267971184175  7.275472526254496  5.656426001678109  0.06960522638283706
9  0.0  51.85659035204945  14.423276038119385  5.656324624011705  0.07740638086638424
10  0.0  56.42729129445785  8.586852062058101  5.656400747512193  -0.07162809186012789
10
63.0
1  0.0  55.46214622460779  3.3854180819426283  5.655901214578912  0.10383376582187465
2  0.0  58.71775482022137  13.76260622077943  5.656314990580342  -0.07810715291269056
3  0.0  59.415004553418186  13.717177198302899  5.65506767421611  -0.142160472832645
4  0.0  51.97659787152973  14.289680146311719  5.650312835340877  0.27196481901556535
5  0.0  64.70420852137553  10.498382736964253  5.655476936552279  0.12482235426900555
6  0.0  58.04352658205224  10.866742455582582  5.652181727637341  -0.22987326456677187
7  0.0  55.20404939922771  11.708350061218912  5.654708313373249  0.15580080445061723
8  0.0  63.03910571351986  7.345077752637333  5.652885399807801  0.21186471305954815
9  0.0  57.512914976061154  14.500682418985768  5.656848380908034  -0.008148338366894823
10  0.0  62.083692041970046  8.515223970197974  5.656285170230429  -0.08023760359920117
10
64.0
1  0.0  61.118047439186704  3.489251847764503  5.653777406042455  0.1865503763700728
2  0.0  64.37406981080171  13.68449906786674  5.655611652353526  0.11856153576536853
3  0.0  65.0700722276343  13.575016725470254  5.654815505949484  -0.1518604414364887
4  0.0  57.6269107068706  14.561644965327284  5.653930306456786  -0.18185733344985097
5  0.0  70.35968545792781  10.623205091233258  5.656792411983728  -0.026450098739395876
6  0.0  63.69570830968958  10.63686919101581  5.656630739826276  0.05028591505051937
7  0.0  60.85875771260096  11.86415086566953  5.655511173054615  0.12326139482583715
8  0.0  68.69199111332766  7.556942465696881  5.654892347355752  0.14897160742019572
9  0.0  63.169763356969185  14.492534080618872  5.655662247143506  -0.11612297893036573
10  0.0  67.73997721220047  8.434986366598773  5.656190832154445  0.08663296284921192
10
65.0
1  0.0  66.77182484522916  3.675802224134576  5.6566615739986945  0.04668872718952132
2  0.0  70.02968146315524  13.803060603632108  5.6555997629656  -0.11912733163921269
3  0.0  70.72488773358378  13.423156284033766  5.656292685138268  0.07970608540957486
4  0.0  63.28084101332739  14.379787631877432  5.6547092755449615  0.15576587901656166
5  0.0  76.01647786991154  10.596754992493862  5.650278221334382  -0.27268300554744357
6  0.0  69.35233904951585  10.68715510606633  5.65651517279398  -0.061936257164280875
7  0.0  66.51426888565558  11.987412260495367  5.655290570325055  0.13299836537537088
8  0.0  74.34688346068342  7.705914073117077  5.652920393152429  -0.21092896596102606
9  0.0  68.8254256041127  14.376411101688507  5.655896302931185  0.1041009629606966
10  0.0  73.39616804435492  8.521619329447985  5.651088644125505  0.25533729895138707
10
66.0
1  0.0  72.42848641922785  3.722490951324097  5.654319250645961  -0.16933343371720133
2  0.0  75.68528122612084  13.683933271992895  5.653268378851885  0.2013867837605309
3  0.0  76.38118041872205  13.50286236944334  5.6553560105458125  0.13018599764704641
4  0.0  68.93555028887235  14.535553510893994  5.654266152103168  -0.17109728571911914
5  0.0  81.66675609124593  10.324071986946418  5.654781801696154  0.1531103367053048
6  0.0  75.00885422230982  10.62521884890205  5.656570440141225  0.056664413175568966
7  0.0  72.16955945598063  12.120410625870738  5.656216557031551  0.08493679981109513
8  0.0  79.99980385383584  7.494985107156051  5.649880570753634  -0.28080159582986175
9  0.0  74.48132190704388  14.480512064649204  5.651122577734556  -0.25458517517470697
10  0.0  79.04725668848043  8.776956628399372  5.655762743581642  0.11112060256262969
10
67.0
1  0.0  78.0828056698738  3.5531575176068957  5.654703396683867  0.15597915095258852
2  0.0  81.33854960497273  13.885320055753427  5.651729526226627  0.24073504601152673
3  0.0  82.03653642926787  13.633048367090387  5.650480039769008  0.26846847146738095
4  0.0  74.58981644097551  14.364456225174875  5.654771425236583  0.15349308886016833
5  0.0  87.32153789294209  10.477182323651723  5.651554996129199  0.24479813260542804
6  0.0  80.66542466245104  10.68188326207762  5.656411316937604  -0.07078851333538637
7  0.0  77.82577601301219  12.205347425681833  5.656829966317713  -0.01657504660447298
8  0.0  85.64968442458948  7.214183511326189  5.655370124038328  0.12957144799190548
9  0.0  80.13244448477843  14.225926889474497  5.6557428310495235  -0.11212951900331329
10  0.0  84.70301943206208  8.888077230962002  5.654334589655483  0.16882046151337168
10
68.0
1  0.0  83.73750906655768  3.709136668559484  5.656443959706749  0.0681302480326487
2  0.0  86.99027913119936  14.126055101764953  5.6565222575173095  0.06128580758461174
3  0.0  87.68701646903688  13.901516838557768  5.65682876942554  -0.01697861594856467
4  0.0  80.2445878662121  14.517949314035043  5.651432985349654  0.24759889357974899
5  0.0  92.97309288907128  10.721980456257151  5.654978748469615  -0.14565491532054894
6  0.0  86.32183597938865  10.611094748742232  5.65620509439621  0.08569673346392091
7  0.0  83.4826059793299  12.18877237907736  5.656467899424047  0.06611280349004217
8  0.0  91.30505454862781  7.343754959318094  5.655729248125053  -0.11281255206238004
9  0.0  85.78818731582795  14.113797370471184  5.650896962640953  -0.25954482775668003
10  0.0  90.35735402171755  9.056897692475374  5.656584069911659  0.055287069208566506
10
69.0
1  0.0  89.39395302626443  3.777266916592133  5.656340131381836  0.07626478951174344
2  0.0  92.64680138871667  14.187340909349565  5.653439965655737  0.19651095319720896
3  0.0  93.34384523846242  13.884538222609203  5.656617371018568  0.05176792337915544
4  0.0  85.89602085156176  14.765548207614792  5.656642547458703  0.048939659581353115
5  0.0  98.6280716375409  10.576325540936603  5.65598665311716  -0.09907057969226926
6  0.0  91.97804107378487  10.696791482206153  5.654467260092176  -0.16431678108369063
7  0.0  89.13907387875395  12.254885182567403  5.6505555209864715  -0.26687507236402896
8  0.0  96.96078379675286  7.230942407255714  5.653525743691806  -0.19402748623330054
9  0.0  91.43908427846891  13.854252542714505  5.6563186110796275  -0.0778445242404939
10  0.0  96.01393809162921  9.11218476168394  5.655182672131691  0.13750979900172491
10
70.0
1  0.0  95.05029315764627  3.8535317061038765  5.652486331274593  0.222257226550337
2  0.0  98.3002413543724  14.383851862546774  5.651762523437949  0.23995911873137485
3  0.0  99.00046260948099  13.93630614598836  5.651692676145468  0.24159862252024117
4  0.0  91.55266339902046  14.814487867196146  5.656730419808477  -0.037429368328028303
5  0.0  4.284058290658052  10.477254961244334  5.65010743698037  -0.2761991140085885
6  0.0  97.63250833387704  10.532474701122462  5.65233563040034  -0.2260573407496755
7  0.0  94.78962939974042  11.988010110203374  5.653510344118528  0.19447567700051457
8  0.0  2.6143095404446655  7.036914921022413  5.650347324708324  0.2712473228651164
9  0.0  97.09540288954854  13.776408018474012  5.654042446039632  -0.17833681162948964
10  0.0  1.6691207637609011  9.249694560685665  5.654949321352748  -0.14679295940922696
10
71.0
1  0.0  0.7027794889208536  4.075788932654214  5.6567029325022835  0.04137551715715423
2  0.0  3.9520038778103554  14.62381098127815  5.650606756476281  -0.265788042742001
3  0.0  4.652155285626463  14.1779047685086  5.655479635113946  0.12470002731126766
4  0.0  97.20939381882894  14.777058498868117  5.654564205739574  0.16094608777100983
5  0.0  9.934165727638423  10.201055847235745  5.656347506464848  0.07571582469281891
6  0.0  3.2848439642773855  10.306417360372787  5.652329320972561  0.22621504652406793
7  0.0  0.44313974385894994  12.18248578720389  5.656740570635638  0.035862466797434565
8  0.0  8.26465686515299  7.30816224388753  5.653569223952933  -0.19275640059994623
9  0.0  2.7494453355881774  13.598071206844523  5.656839365592451  0.012976589829520916
10  0.0  7.324070085113649  9.102901601276438  5.655197515765949  0.13689798272676723
10
72.0
1  0.0  6.359482421423137  4.1171644498113675  5.650176455679799  0.2747835869946021
2  0.0  9.602610634286638  14.358022938536148  5.656701937873486  -0.04151127627967388
3  0.0  10.307634920740409  14.302604795819867  5.651904625994043  0.2365884584402601
4  0.0  2.863958024568518  14.938004586639126  5.65418095759601  0.1738899041310164
5  0.0  15.59051323410327  10.276771671928564  5.654936220737321  -0.14729677319320514
6  0.0  8.937173285249948  10.532632406896855  5.654398875151771  -0.1666534148537371
7  0.0  6.099880314494588  12.218348254001324  5.654238530694752  -0.17200766845365553
8  0.0  13.918226089105922  7.115405843287584  5.651391756439019  -0.24853815653357736
9  0.0  8.406284701180628  13.611047796674043  5.651990514517582  -0.23452766106215425
10  0.0  12.979267600879599  9.239799584003205  5.655703016014952  -0.11412008867591626
10
73.0
1  0.0  12.009658877102936  4.39194803680597  5.6511408679290245  0.2541788559702577
2  0.0  15.259312572160123  14.316511662256474  5.65618820394526  0.08680438670088658
3  0.0  15.959539546734451  14.539193254260127  5.656854242170636  2.8781259165871E-4
4  0.0  8.518138982164528  15.111894490770142  5.6567119277222195  0.04012688332270233
5  0.0  21.24544945484059  10.12947489873536  5.655613195130976  -0.11848791947034051
6  0.0  14.591572160401718  10.365978992043118  5.656771737629037  -0.0305533690677441
7  0.0  11.754118845189339  12.046340585547668  5.6561046572194655  -0.09208749415787945
8  0.0  19.56961784554494  6.866867686754007  5.656818456607086  0.020123344390022026
9  0.0  14.05827521569821  13.376520135611889  5.654296977696368  0.1700755362000108
10  0.0  18.63497061689455  9.125679495327288  5.656680363211104  -0.044353900188358455
10
74.0
1  0.0  17.66079974503196  4.646126892776228  5.65597560273758  0.09969945454828996
2  0.0  20.915500776105382  14.403316048957361  5.655153160676642  -0.13871816495689057
3  0.0  21.616393788905086  14.539481066851785  5.650131813886875  -0.27569999220785957
4  0.0  14.174850909886747  15.152021374092845  5.654241905457407  0.17189669737787425
5  0.0  26.901062649971564  10.01098697926502  5.65506175678807  0.14239567027491443
6  0.0  20.248343898030754  10.335425622975373  5.6528522611670615  0.21274706441798077
7  0.0  17.410223502408805  11.954253091389788  5.65609416574749  -0.09272965112201505
8  0.0  25.226436302152024  6.886991031144029  5.6546712805250845  0.15713913963369683
9  0.0  19.71257219339458  13.5465956718119  5.652352097018775  -0.2256452333364559
10  0.0  24.29165098010565  9.08132559513893  5.652566940708804  -0.2201975949140567
10
75.0
1  0.0  23.31677534776954  4.745826347324518  5.656654860512195  -0.04749514758068216
2  0.0  26.570653936782023  14.264597884000471  5.652146608518382  0.2307351638008041
3  0.0  27.266525602791962  14.263781074643925  5.65159673431915  0.24383263242053493
4  0.0  19.829092815344154  15.32391807147072  5.656541205318064  0.0595112807699976
5  0.0  32.556124406759636  10.153382649539935  5.65238895769863  -0.2247199832827856
6  0.0  25.901196159197816  10.548172687393354  5.6512099345708755  -0.2526386261193515
7  0.0  23.066317668156294  11.861523440267773  5.650036940650066  0.2776374781790747
8  0.0  30.88110758267711  7.044130170777725  5.656837684083743  0.013689993794947328
9  0.0  25.364924290413352  13.320950438475444  5.655383587871072  -0.12898245632068234
10  0.0  29.944217920814456  8.861128000224873  5.652890920844119  -0.21171735176443754
10
76.0
1  0.0  28.973430208281734  4.698331199743835  5.656703717686167  0.041268030186214257
2  0.0  32.2228005453004  14.495333047801275  5.650082013366534  -0.2767187059669065
3  0.0  32.918122337111114  14.50761370706446  5.650208778122176  -0.2741181563324652
4  0.0  25.485634020662218  15.383429352240718  5.652110316799662  -0.23162246593726055
5  0.0  38.20851336445827  9.92866266625715  5.653716701656773  -0.18838114928858843
6  0.0  31.552406093768692  10.295534061274003  5.656789486064724  -0.027068622935666354
7  0.0  28.716354608806363  12.139160918446848  5.656318298948737  -0.07786720091068398
8  0.0  36.53794526676085  7.057820164572672  5.651412925842049  0.24805632752550474
9  0.0  31.020307878284424  13.191967982154761  5.6556932621948  -0.11460246055101102
10  0.0  35.597108841658574  8.649410648460435  5.656373934115046  -0.07371511014645055
10
77.0
1  0.0  34.6301339259679  4.739599229930049  5.652257725506635  0.22799693956391262
2  0.0  37.87288255866694  14.218614341834368  5.656658000495543  0.047119692590073106
3  0.0  38.56833111523329  14.233495550731995  5.655823803092026  0.10796808962679613
4  0.0  31.13774433746188  15.151806886303458  5.652283277779716  -0.22736259088032112
5  0.0  43.862230066115046  9.740281516968562  5.6505135313599695  -0.26776264100489594
6  0.0  37.20919557983342  10.268465438338337  5.656137695695318  -0.0900353671314517
7  0.0  34.3726729077551  12.061293717536165  5.65397439955351  -0.18048127103254105
8  0.0  42.189358192602896  7.305876492098177  5.65225560979321  -0.22804938404040687
9  0.0  36.67600114047922  13.07736552160375  5.65637177813572  -0.07388035943168782
10  0.0  41.25348277577362  8.575695538313985  5.653593054755224  -0.19205616684584276
10
78.0
1  0.0  40.28239165147453  4.967596169493962  5.655349575639739  -0.13046523411003869
2  0.0  43.529540559162484  14.26573403442444  5.655792973280681  0.10957117955424182
3  0.0  44.22415491832532  14.341463640358791  5.656794380999774  0.026025585284271624
4  0.0  36.7900276152416  14.924444295423136  5.656244139425488  -0.08307969195203031
5  0.0  49.512743597475016  9.472518875963665  5.65231039079189  0.22668755181098812
6  0.0  42.86533327552874  10.178430071206886  5.652683880014449  -0.2171749355354685
7  0.0  40.026647307308615  11.880812446503624  5.654145721411009  -0.1750318858082166
8  0.0  47.841613802396104  7.07782710805777  5.655927802647249  0.10237524721284175
9  0.0  42.332372918614944  13.003485162172064  5.654835350791124  -0.15111967258773298
10  0.0  46.907075830528846  8.383639371468142  5.6535690894613415  -0.1927603452146795
10
79.0
1  0.0  45.93774122711427  4.837130935383923  5.653593621130076  0.192039493639388
2  0.0  49.18533353244317  14.375305213978683  5.652970193333582  0.20959006007468817
3  0.0  49.880949299325096  14.367489225643062  5.656026016912288  0.09679719010032133
4  0.0  42.44627175466709  14.841364603471106  5.655979474478991  -0.09947956710998522
5  0.0  55.165053988266905  9.699206427774653  5.656646277817295  0.048506573325319664
6  0.0  48.51801715554319  9.961255135671419  5.653695333563381  0.1890213618713192
7  0.0  45.68079302871962  11.705780560695407  5.654704790574193  -0.15592861013062675
8  0.0  53.49754160504335  7.180202355270612  5.65604148772104  -0.09588894189840608
9  0.0  47.98720826940607  12.852365489584331  5.655621400056414  -0.11809563592246348
10  0.0  52.56064491999019  8.190879026253462  5.652940663533013  -0.21038501509129612
10
80.0
1  0.0  51.59133484824435  5.029170429023312  5.650933579209917  0.25874636878180146
2  0.0  54.83830372577675  14.584895274053371  5.656801697391767  0.024383526931916557
3  0.0  55.53697531623738  14.464286415743384  5.654106696968034  -0.17628800101320166
4  0.0  48.10225122914608  14.741885036361122  5.656401333023367  -0.07158183967667896
5  0.0  60.8217002660842  9.747713001099973  5.652211350154569  -0.22914373913308786
6  0.0  54.171712489106575  10.150276497542738  5.656849945946741  0.0069777533918496245
7  0.0  51.33549781929381  11.549851950564781  5.656854011746422  0.0016400574436346168
8  0.0  59.15358309276439  7.084313413372206  5.65064873742696  -0.26489402827380726
9  0.0  53.64282966946248  12.734269853661868  5.6554718478703165  -0.1250527006758284
10  0.0  58.2135855835232  7.9804940111621665  5.656545829945929  -0.05907007466850501
10
81.0
1  0.0  57.24226842745427  5.287916797805114  5.650704134193005  0.2637096657576983
2  0.0  60.49510542316851  14.609278800985289  5.655576800877043  -0.12021251757376743
3  0.0  61.19108201320542  14.287998414730183  5.6561557149118995  -0.08889616791216545
4  0.0  53.758652562169445  14.670303196684443  5.656792198066285  -0.026495809035109494
5  0.0  66.47391161623877  9.518569261966885  5.65215425275272  0.2305478325410235
6  0.0  59.828562435053314  10.157254250934587  5.650112784306809  0.27608970392392296
7  0.0  56.99235183104024  11.551492008008415  5.656850373147068  0.0066223731308004885
8  0.0  64.80423183019136  6.819419385098398  5.6528890955598285  0.21176608156362592
9  0.0  59.298301517332796  12.609217152986039  5.6563134111076385  0.0782214505355223
10  0.0  63.870131413469124  7.921423936493661  5.651986307004253  0.2346290379225254
10
82.0
1  0.0  62.89297256164728  5.551626463562812  5.65674370463222  -0.035364673103323925
2  0.0  66.15068222404555  14.489066283411521  5.656594123389276  -0.05424871646348273
3  0.0  66.84723772811732  14.199102246818017  5.653573863552691  0.19262027243751487
4  0.0  59.41544476023573  14.643807387649334  5.654922282803237  0.14783090155799058
5  0.0  72.12606586899149  9.749117094507909  5.65448159010366  0.1638229140834939
6  0.0  65.47867521936013  10.43334395485851  5.656554231834406  -0.058259954654328434
7  0.0  62.649202204187304  11.558114381139216  5.656832521606534  0.015678727457068452
8  0.0  70.45712092575118  7.031185466662024  5.656075727285024  -0.09384757438107418
9  0.0  64.95461492844044  12.687438603521562  5.653491191200479  -0.19503166670722455
10  0.0  69.52211772047337  8.156052974416186  5.652936198166908  -0.21050496301581054
10
83.0
1  0.0  68.54971626627949  5.516261790459488  5.655754323848075  -0.11154832259498784
2  0.0  71.80727634743482  14.434817566948038  5.652327822381056  0.2262524880239929
3  0.0  72.50081159167001  14.39172251925553  5.656731895647465  0.03720565500895575
4  0.0  65.07036704303897  14.791638289207324  5.656854027776716  0.0015838012400567892
5  0.0  77.78054745909515  9.912940008591402  5.653050896393902  -0.20740193533361492
6  0.0  71.13522945119453  10.37508400020418  5.652617420333556  0.21889791991170976
7  0.0  68.30603472579384  11.573793108596284  5.656567772144071  0.05693012507503681
8  0.0  76.11319665303621  6.93733789228095  5.656077793577159  -0.09372295878466107
9  0.0  70.60810611964091  12.492406936814337  5.652735573505218  0.21582524418759846
10  0.0  75.17505391864029  7.945548011400375  5.656776122659455  0.029730423977612563
10
84.0
1  0.0  74.20547059012756  5.4047134678645  5.651263809584161  0.2514306156462839
2  0.0  77.45960416981588  14.661070054972031  5.653894602624491  0.18296399212324807
3  0.0  78.15754348731748  14.428928174264486  5.656385302762882  -0.07283753625764693
4  0.0  70.72722107081569  14.793222090447381  5.651607983305148  -0.24357176158484298
5  0.0  83.43359835548905  9.705538073257788  5.654798673916428  0.1524859254916023
6  0.0  76.78784687152809  10.59398192011589  5.6548570376674085  0.15030596642658295
7  0.0  73.96260249793791  11.63072323367132  5.654465386505778  0.16438124226344952
8  0.0  81.76927444661337  6.843614933496289  5.656494389840091  -0.06380609459596188
9  0.0  76.26084169314612  12.708232181001936  5.649905467936418  -0.280300202251389
10  0.0  80.83183004129974  7.975278435377988  5.653137431893957  -0.2050296957014252
10
85.0
1  0.0  79.85673439971173  5.656144083510784  5.65267873482092  -0.2173088146010581
2  0.0  83.11349877244037  14.84403404709528  5.656712921630073  0.03998652602292406
3  0.0  83.81392879008037  14.35609063800684  5.656848258683931  -0.008232753160332297
4  0.0  76.37882905412084  14.549650328862539  5.65105944053297  -0.25598281106984516
5  0.0  89.08839702940548  9.85802399874939  5.65676655518031  0.03149825699165262
6  0.0  82.4427039091955  10.744287886542473  5.655747105590786  -0.11191370604846311
7  0.0  79.61706788444368  11.79510447593477  5.6568460184922875  0.009650029427989253
8  0.0  87.42576883645346  6.779808838900327  5.655805092275947  -0.10894383041494589
9  0.0  81.91074716108254  12.427931978750546  5.652688120492003  0.21706453521612398
10  0.0  86.48496747319369  7.770248739676563  5.652245414079721  -0.22830194702362921
10
86.0
1  0.0  85.50941313453265  5.438835268909727  5.656854234518974  4.115880354507305E-4
2  0.0  88.77021169407044  14.884020573118203  5.653486056513567  -0.19518045190719313
3  0.0  89.4707770487643  14.347857884846508  5.650826207472893  -0.2610807785677514
4  0.0  82.02988849465382  14.293667517792693  5.65379351722521  -0.18606145377864286
5  0.0  94.7451635845858  9.889522255741042  5.6566725088787155  0.04534453986757694
6  0.0  88.09845101478629  10.63237418049401  5.656740234775384  -0.035915404402376325
7  0.0  85.27391390293597  11.804754505362759  5.650742360142202  0.26288929094684177
8  0.0  93.0815739287294  6.670865008485381  5.654419288010767  -0.16595937867992325
9  0.0  87.56343528157454  12.644996513966671  5.652258565407617  -0.2279761166794408
10  0.0  92.1372128872734  7.541946792652934  5.656833749413825  0.015229297184828202
10
87.0
1  0.0  91.16626736905162  5.439246856945178  5.652168945596274  0.2301873376992226
2  0.0  94.42369775058401  14.68884012121101  5.653320440096544  0.1999199879617899
3  0.0  95.1216032562372  14.086777106278756  5.654545307422878  -0.1616086826316295
4  0.0  87.68368201187903  14.10760606401405  5.65644944379034  -0.06767340573653742
5  0.0  0.4018360934645102  9.934866795608619  5.65041072538306  -0.26992338630822216
6  0.0  93.75519124956168  10.596458776091634  5.655720028831624  0.11327380753234693
7  0.0  90.92465626307818  12.0676437963096  5.654196170975672  -0.17339452160912794
8  0.0  98.73599321674017  6.504905629805458  5.655134735099151  -0.13946730037922359
9  0.0  93.21569384698216  12.41702039728723  5.651427090897424  0.2477333975682294
10  0.0  97.79404663668723  7.557176089837762  5.654049191495319  0.1781228232179965
10
88.0
1  0.0  96.8184363146479  5.6694341946444  5.650354015618075  -0.27110790875340013
2  0.0  0.07701819068056182  14.8887601091728  5.650378553813215  -0.2705960062671142
3  0.0  0.7761485636600725  13.925168423647127  5.6547883692434  0.15286758672000292
4  0.0  93.34013145566936  14.039932658277513  5.650113042858974  0.2760844126620215
5  0.0  6.05224681884757  9.664943409300397  5.65451997672279  -0.16249256242335647
6  0.0  99.4109112783933  10.70973258362398  5.65448399363478  0.16373993321158511
7  0.0  96.57885243405384  11.894249274700472  5.653638580887184  0.19071129149569818
8  0.0  4.391127951839323  6.365438329426235  5.6560391069042195  0.0960292724648212
9  0.0  98.86712093787959  12.664753794855459  5.654888903274448  -0.14910228577568332
10  0.0  3.448095828182545  7.735298913055758  5.651237223358494  -0.25202746939050785
10
89.0
1  0.0  2.468790330265975  5.398326285891  5.652549732535321  -0.22063889325051406
2  0.0  5.727396744493777  14.618164102905686  5.653555865011112  -0.1931478221427318
3  0.0  6.430936932903473  14.07803601036713  5.654974063037487  0.1458367113360461
4  0.0  98.99024449852834  14.316017070939534  5.651904165988694  -0.23659944733593716
5  0.0  11.70676679557036  9.502450846877041  5.656126672392455  -0.09072522168982625
6  0.0  5.065395272028084  10.873472516835566  5.655228605792143  0.13560758175824658
7  0.0  2.232491014941033  12.084960566196171  5.6563086903960675  -0.07856207068256608
8  0.0  10.047167058743543  6.461467601891056  5.656852894403087  -0.0039154927428856874
9  0.0  4.522009841154045  12.515651509079776  5.6565717058517295  0.05653792141285521
10  0.0  9.09933305154104  7.4832714436652505  5.653089484455579  0.2063474757242345
10
90.0
1  0.0  8.121340062801295  5.177687392640486  5.654610356536118  -0.15931640139803976
2  0.0  11.380952609504888  14.425016280762954  5.656571996410724  -0.05650884375046515
3  0.0  12.08591099594096  14.223872721703176  5.656789285051808  -0.02711059798460645
4  0.0  4.642148664517038  14.079417623603597  5.653141968950156  0.20490456045285102
5  0.0  17.362893467962813  9.411725625187215  5.656351111277066  0.07544604664735415
6  0.0  10.720623877820227  11.009080098593813  5.653605702350232  0.1916834952545663
7  0.0  7.8887997053371  12.006398495513606  5.656091490333437  0.09289269604056688
8  0.0  15.70401995314663  6.45755210914817  5.656842390628673  -0.011583073274711158
9  0.0  10.178581547005773  12.572189430492632  5.656635689695989  -0.04972598975997529
10  0.0  14.752422535996619  7.689618919389485  5.654590501397603  -0.16001956600369932
10
91.0
1  0.0  13.775950419337413  5.018370991242446  5.655684953305019  0.11501177748019388
2  0.0  17.037524605915614  14.368507437012488  5.656345957541298  -0.07583144866244564
3  0.0  17.742700280992768  14.19676212371857  5.652431284862516  0.2236527887318021
4  0.0  10.295290633467193  14.284322184056448  5.65401220948782  -0.1792928748240917
5  0.0  23.019244579239878  9.487171671834568  5.655419002583497  0.12742019156118067
6  0.0  16.374229580170457  11.200763593848379  5.654483262231153  -0.16376518905983165
7  0.0  13.544891195670537  12.099291191554173  5.656758626773241  0.03289131232595636
8  0.0  21.360862343775302  6.445969035873459  5.6534518470033595  -0.19616883955998937
9  0.0  15.835217236701762  12.522463440732656  5.65243574935472  0.2235399280145895
10  0.0  20.407013037394222  7.529599353385786  5.655463093146803  -0.12544800538229411
10
92.0
1  0.0  19.431635372642432  5.13338276872264  5.6548222666592745  -0.15160848424283632
2  0.0  22.693870563456912  14.292675988350043  5.656853902222763  -0.0019821470994266584
3  0.0  23.395131565855284  14.420414912450372  5.656851178542133  0.005894389409090563
4  0.0  15.949302842955014  14.105029309232355  5.654662832264074  -0.1574428576063968
5  0.0  28.674663581823374  9.614591863395749  5.650127987479962  0.2757783985297548
6  0.0  22.02871284240161  11.036998404788546  5.652237864065064  -0.2284887919116851
7  0.0  19.201649822443777  12.132182503880129  5.655983369824143  0.09925784741139589
8  0.0  27.014314190778663  6.249800196313469  5.656854066052025  0.0014406216278250086
9  0.0  21.48765298605648  12.746003368747246  5.6540010719712175  0.1796437534353602
10  0.0  26.062476130541025  7.4041513480034915  5.656695921825209  0.04232313795144939
10
93.0
1  0.0  25.086457639301706  4.981774284479804  5.656785972866493  -0.027793113910202803
2  0.0  28.350724465679676  14.290693841250617  5.656853876502581  -0.002054238971177015
3  0.0  29.051982744397417  14.426309301859463  5.652032342909466  -0.2335174398312776
4  0.0  21.603965675219087  13.94758645162596  5.656708786593134  0.04056727351026227
5  0.0  34.324791569303336  9.890370261925503  5.652462507536496  0.22286229132408514
6  0.0  27.680950706466675  10.808509612876861  5.655179535660957  -0.13763872798594673
7  0.0  24.85763319226792  12.231440351291525  5.6548507146841  -0.15054366355557472
8  0.0  32.67116825683069  6.251240817941294  5.65644330243794  -0.06818479526241998
9  0.0  27.141654058027697  12.925647122182607  5.654786762431931  -0.1529270133908031
10  0.0  31.719172052366233  7.4464744859549405  5.65302782065923  -0.20802994700948513
10
94.0
1  0.0  30.7432436121682  4.953981170569601  5.65471411340183  -0.15559015294707096
2  0.0  34.007578342182256  14.28863960227944  5.656167942361786  0.08811474223346163
3  0.0  34.704015087306885  14.192791862028185  5.656113926124649  0.09151641764638141
4  0.0  27.260674461812222  13.988153725136222  5.654023847187306  -0.1789255024787982
5  0.0  39.977254076839834  10.113232553249588  5.656802736149661  -0.024141339848902484
6  0.0  33.33613024212763  10.670870884890915  5.651904857139181  0.2365829365076758
7  0.0  30.51248390695202  12.080896687735951  5.6568257274782  -0.017963544771395626
8  0.0  38.32761155926863  6.183056022678874  5.6516937974164385  0.24157239131275243
9  0.0  32.79644082045963  12.772720108791804  5.655047566854254  0.14295809391499817
10  0.0  37.372199873025465  7.238444538945456  5.656381848924859  0.07310526077789511
10
95.0
1  0.0  36.39795772557003  4.79839101762253  5.656101625346389  0.09227352683126333
2  0.0  39.66374628454404  14.376754344512902  5.650069547334128  -0.27697312195869755
3  0.0  40.36012901343153  14.284308279674567  5.655917774028796  0.10292780686077972
4  0.0  32.914698308999526  13.809228222657424  5.654143126642095  0.17511568589356422
5  0.0  45.6340568129895  10.089091213400685  5.651404814075117  0.24824106720802974
6  0.0  38.98803509926681  10.90745382139859  5.656748502404085  0.03458873442616753
7  0.0  36.16930963443022  12.062933142964555  5.656751205038551  0.03414387638975714
8  0.0  43.979305356685074  6.424628413991627  5.655901439813987  0.10382149637756138
9  0.0  38.45148838731389  12.915678202706802  5.655817795370651  -0.1082823419062189
10  0.0  43.028581721950324  7.311549799723351  5.65200909665509  0.23407941243972497
10
96.0
1  0.0  42.05405935091642  4.890664544453793  5.652339590857615  -0.22595829177862184
2  0.0  45.313815831878166  14.099781222554205  5.651704187479315  -0.2413291885139374
3  0.0  46.016046787460326  14.387236086535347  5.656851976613859  -0.005070964396156028
4  0.0  38.56884143564162  13.984343908550988  5.656794889178712  -0.025914894590407155
5  0.0  51.28546162706461  10.337332280608715  5.654543077705165  0.16168667965108655
6  0.0  44.644783601670895  10.942042555824758  5.656071224279331  -0.09411857350904662
7  0.0  41.826060839468774  12.097077019354312  5.650730761130605  -0.26313849055650784
8  0.0  49.63520679649906  6.528449910369188  5.650445616996211  -0.2691919935070777
9  0.0  44.10730618268454  12.807395860800582  5.656774035220045  0.030124980669854487
10  0.0  48.68059081860542  7.545629212163076  5.656811367120299  0.022026275640412974
10
97.0
1  0.0  47.70639894177403  4.664706252675171  5.655897289362902  0.10404735545565394
2  0.0  50.965520019357484  13.858452034040267  5.656848349477795  -0.008170129152748964
3  0.0  51.67289876407418  14.382165122139192  5.653209526829477  0.20303212988209698
4  0.0  44.225636324820336  13.958429013960581  5.656773995951041  -0.03013235357754072
5  0.0  56.94000470476978  10.499018960259802  5.652904431018807  0.21135631944168384
6  0.0  50.300854825950225  10.847923982315711  5.654669140660536  -0.15721612405061966
7  0.0  47.47679160059938  11.833938528797805  5.656315080757322  -0.07810062225944081
8  0.0  55.28565241349527  6.2592579168621105  5.656727431214699  0.037878343986494506
9  0.0  49.764080217904585  12.837520841470438  5.656708643191498  -0.04058726453746633
10  0.0  54.337402185725715  7.567655487803489  5.650626473865604  0.26536852271733047
10
98.0
1  0.0  53.36229623113694  4.768753608130825  5.655848994240743  0.10664030357195027
2  0.0  56.62236836883528  13.850281904887519  5.656838293819133  0.013435683141011566
3  0.0  57.32610829090366  14.585197252021288  5.655467059414214  -0.12526906992854894
4  0.0  49.88241032077138  13.92829666038304  5.6562818857554  -0.08046880684690094
5  0.0  62.59290913578858  10.710375279701486  5.6514597733943495  0.24698669945056811
6  0.0  55.95552396661076  10.69070785826509  5.654663731868298  -0.1574105444160536
7  0.0  53.1331066813567  11.755837906538364  5.653721810806751  -0.1882277503665859
8  0.0  60.94237984470997  6.297136260848605  5.650398016956383  -0.2701892854562743
9  0.0  55.420788861096085  12.796933576932972  5.656530227050091  0.06054577168289301
10  0.0  59.98802865959132  7.83302401052082  5.655834992776586  -0.10738032633533048
10
99.0
1  0.0  59.01814522537768  4.875393911702775  5.656820909302503  0.019421639424556526
2  0.0  62.27920666265442  13.86371758802853  5.656348844880456  0.07561577229357401
3  0.0  62.981575350317875  14.459928182092739  5.653686734772421  0.1892783797964622
4  0.0  55.538692206526775  13.84782785353614  5.652185717774838  -0.22977513308051115
5  0.0  68.24436890918292  10.957361979152054  5.656112812256633  -0.09158523366982066
6  0.0  61.61018769847906  10.533297313849037  5.653627940219574  -0.1910264734759144
7  0.0  58.78682849216345  11.567610156171778  5.65679226405928  -0.02648171593982114
8  0.0  66.59277786166635  6.026946975392331  5.655320472531006  -0.13172073857850697
9  0.0  61.077319088146176  12.857479348615865  5.654227371139993  -0.1723741147949769
10  0.0  65.64386365236791  7.725643684185489  5.651647702643017  -0.24264839832546412
10
100.0
1  0.0  64.67496613468018  4.894815551127332  5.65648382087764  0.06473626610665872
2  0.0  67.93555550753487  13.939333360322104  5.656145301340408  -0.08955629584146595
3  0.0  68.63526208509029  14.649206561889201  5.656153206598607  0.08905562017247805
4  0.0  61.19087792430162  13.618052720455628  5.655834198268003  0.10742216578599995
5  0.0  73.90048172143956  10.865776745482233  5.654225527171878  -0.172434590143328
6  0.0  67.26381563869863  10.342270840373121  5.652702339727287  -0.2166939280223056
7  0.0  64.44362075622273  11.541128440231956  5.656288266806581  0.08001901515406469
8  0.0  72.24809833419735  5.895226236813824  5.656477471640932  -0.06528868828978804
9  0.0  66.73154645928616  12.685105233820888  5.654764234618256  -0.15375776690053491
10  0.0  71.29551135501093  7.482995285860025  5.65181507227974  -0.23871822040129814
10
101.0
1  0.0  70.33144995555782  4.95955181723399  5.653013854452893  -0.20840912015452753
2  0.0  73.59170080887527  13.849777064480639  5.656292748091632  0.07970161783827073
3  0.0  74.29141529168889  14.73826218206168  5.651720366369554  -0.24094999556673213
4  0.0  66.84671212256961  13.725474886241628  5.653044895501827  0.20756543411839656
5  0.0  79.55470724861144  10.693342155338904  5.656467836595291  0.06611817876347131
6  0.0  72.91651797842592  10.125576912350816  5.65609018793513  -0.09297196321482397
7  0.0  70.09990902302931  11.621147455386021  5.656427179061489  0.0695094811842798
8  0.0  77.90457580583828  5.829937548524036  5.6511666066505235  -0.2536059618345121
9  0.0  72.38631069390442  12.531347466920353  5.651692500612456  0.24160272871172037
10  0.0  76.94732642729068  7.244277065458727  5.6515060132126385  0.24592637642472132
