10
0.0
1  0.0  2.116413999866127  3.07561150534992  1.7219560384591146  5.388401191597949
2  0.0  7.2942121569540195  0.9658491165147265  2.6571234716681955  4.99396584452777
3  0.0  8.803403476050487  9.800402680590302  3.7433782192671776  4.241122434865103
4  0.0  5.26203949252014  2.6919457251650316  0.14234154602987067  5.655063119389016
5  0.0  1.196871457023273  0.26652676747585535  0.5114562027625187  5.633685521277856
6  0.0  0.457622115980727  5.1000596787992  0.9368703740831839  5.578734077025472
7  0.0  4.791844591957238  1.3402908151021486  4.56598665822447  3.339425974163246
8  0.0  8.81577397500746  0.8625265397947268  5.53094919389189  1.1868449833852193
9  0.0  8.787130379622283  5.838057302863522  4.446743616986524  3.496637127983059
10  0.0  1.3833917231601078  0.3543189670539959  0.5140962768576952  5.633445217459832
10
1.0
1  0.0  3.8383700383252415  8.464012696947869  5.652434763578639  -0.2235648529793975
2  0.0  9.951335628622214  5.959814961042496  5.656827430894238  0.01741887144730708
3  0.0  12.546781695317666  14.041525115455405  5.65150538138801  -0.2459408956281331
4  0.0  5.40438103855001  8.347008844554047  5.6544645714251205  0.1644092774089337
5  0.0  1.7083276597857917  5.900212288753711  5.653345121844836  0.19922081546162512
6  0.0  1.3944924900639109  10.678793755824671  5.656665378537554  -0.04622548274063643
7  0.0  9.357831250181707  4.679716789265394  5.655347265855104  -0.13056531922834666
8  0.0  14.346723168899349  2.0493715231799463  5.653211595302157  -0.20297452732114354
9  0.0  13.233873996608807  9.33469443084658  5.6517990563529805  0.23909710706648832
10  0.0  1.8974880000178032  5.9877641845138285  5.656847228516005  -0.008912532232159456
10
2.0
1  0.0  9.49080480190388  8.240447843968472  5.656718354633809  0.03921041123187481
2  0.0  15.608163059516453  5.977233832489803  5.656659241850149  0.04697043316066718
3  0.0  18.198287076705675  13.795584219827273  5.651814674577322  0.23872763608858155
4  0.0  11.05884560997513  8.511418121962981  5.656387349274329  0.07267843538032981
5  0.0  7.361672781630628  6.099433104215336  5.655931450498001  0.10217351548997443
6  0.0  7.051157868601464  10.632568273084035  5.656261324928196  0.08190130720283824
7  0.0  15.013178516036811  4.549151470037048  5.653107356194511  -0.20585727905400872
8  0.0  19.999934764201505  1.8463969958588027  5.655164570057543  -0.13825225338445363
9  0.0  18.88567305296179  9.573791537913069  5.656695732909487  -0.04234837994083475
10  0.0  7.554335228533809  5.978851652281669  5.656841818746942  0.01185907567139217
10
3.0
1  0.0  15.14752315653769  8.279658255200346  5.650879453374931  -0.2599257652196996
2  0.0  21.264822301366603  6.024204265650471  5.654907897968443  0.14838013847588694
3  0.0  23.850101751283  14.034311855915854  5.6546821551214554  0.15674732709355654
4  0.0  16.71523295924946  8.584096557343312  5.656717370670404  -0.039352107385934705
5  0.0  13.01760423212863  6.201606619705311  5.651777553247256  -0.23960485932147277
6  0.0  12.70741919352966  10.714469580286872  5.650710307565648  -0.2635773510211859
7  0.0  20.66628587223132  4.343294190983039  5.656331880882562  -0.07687426950246477
8  0.0  25.65509933425905  1.708144742474349  5.654565731332375  0.16089247975452795
9  0.0  24.542368785871275  9.531443157972234  5.65609181335655  -0.09287302558346715
10  0.0  13.211177047280751  5.990710727953061  5.656853233300571  0.003390707429747898
10
4.0
1  0.0  20.79840260991262  8.019732489980646  5.651924199507461  0.2361203994193505
2  0.0  26.919730199335046  6.172584404126358  5.654877110649723  -0.14954886642782686
3  0.0  29.504783906404455  14.191059183009411  5.651653016262419  -0.24252460446705917
4  0.0  22.371950329919862  8.544744449957378  5.651601611627884  -0.243719559012223
5  0.0  18.669381785375887  5.9620017603838384  5.650417826156896  0.2697747020170521
6  0.0  18.358129501095306  10.450892229265687  5.656771979650845  0.030508527284406225
7  0.0  26.32261775311388  4.2664199214805745  5.6512347932802145  -0.2520819533785363
8  0.0  31.309665065591425  1.869037222228877  5.654776416486266  -0.15330909806901277
9  0.0  30.198460599227825  9.438570132388767  5.654653337798847  0.15778348874446615
10  0.0  18.868030280581323  5.9941014353828095  5.6522849318276895  -0.22732146716411786
10
5.0
1  0.0  26.450326809420083  8.255852889399996  5.651718466199516  -0.24099456180463483
2  0.0  32.57460730998477  6.023035537698531  5.653731865545015  -0.1879254972612422
3  0.0  35.15643692266687  13.948534578542352  5.656756497822572  -0.03325544078963817
4  0.0  28.023551941547744  8.301024890945154  5.655500289730136  -0.1237597384546193
5  0.0  24.319799611532783  6.231776462400891  5.650287967575147  -0.2724809781902554
6  0.0  24.01490148074615  10.481400756550093  5.655136115392819  0.13941132084529503
7  0.0  31.973852546394095  4.014337968102038  5.653584330813648  0.19231280346977087
8  0.0  36.96444148207769  1.715728124159864  5.655200568857246  -0.13677180263735803
9  0.0  35.85311393702667  9.596353621133233  5.65287579909081  0.21212072047177027
10  0.0  24.520315212409013  5.7667799682186915  5.6557799989698685  -0.11023884638543074
10
6.0
1  0.0  32.1020452756196  8.01485832759536  5.6568542474547385  1.5183316660000393E-4
2  0.0  38.22833917552978  5.835110040437289  5.651190110094388  -0.25308168557083816
3  0.0  40.81319342048944  13.915279137752714  5.655445240319982  -0.12625028214647888
4  0.0  33.67905223127788  8.177265152490534  5.656179829080904  0.08734838921421405
5  0.0  29.97008757910793  5.959295484210635  5.651726075978047  0.24081603374731664
6  0.0  29.670037596138968  10.620812077395387  5.654858928728096  -0.15023480350483837
7  0.0  37.62743687720774  4.206650771571809  5.656771939349905  -0.03051599881224882
8  0.0  42.619642050934935  1.578956321522506  5.655870192616074  -0.10551001979435609
9  0.0  41.50598973611748  9.808474341605002  5.656679008033406  0.04452639749887043
10  0.0  30.176095211378883  5.656541121833261  5.6530144162787295  -0.20839388029606865
10
7.0
1  0.0  37.75889952307434  8.01501016076196  5.655115852946588  -0.1402308445107975
2  0.0  43.87952928562417  5.582028354866451  5.653051092556964  0.20739658854600637
3  0.0  46.468638660809425  13.789028855606235  5.65182988053415  0.23836736668708744
4  0.0  39.335232060358784  8.264613541704747  5.653470604385005  -0.19562751686471896
5  0.0  35.62181365508597  6.200111517957952  5.654807558307707  -0.15215609914175315
6  0.0  35.324896524867064  10.470577273890548  5.6511549797811975  -0.2538649138699169
7  0.0  43.28420881655765  4.17613477275956  5.654831382202337  -0.15126810258483264
8  0.0  48.275512243551006  1.4734463017281498  5.656332311667374  -0.0768425662483121
9  0.0  47.162668744150885  9.853000739103873  5.654919404329537  -0.1479409697727152
10  0.0  35.829109627657616  5.448147241537192  5.652344670496978  0.2258311889540536
10
8.0
1  0.0  43.41401537602093  7.874779316251163  5.656704562633685  -0.04115204829992295
2  0.0  49.53258037818114  5.789424943412458  5.650395589246162  0.27024005074659424
3  0.0  52.12046854134358  14.027396222293323  5.656755720956153  0.03338732438865642
4  0.0  44.98870266474379  8.06898602484003  5.656635583174995  0.049738105698614477
5  0.0  41.27662121339368  6.047955418816199  5.656070721991548  0.0941487537358323
6  0.0  40.97605150464826  10.216712360020631  5.6557271318906315  0.11291859721134814
7  0.0  48.93904019875999  4.024866670174727  5.652658525702449  0.2178338628483159
8  0.0  53.931844555218376  1.3966037354798377  5.650790259985374  -0.26185766678565964
9  0.0  52.817588148480425  9.705059769331157  5.655561638643352  0.12092374252293449
10  0.0  41.481454298154596  5.673978430491245  5.655562274021218  -0.120894022465752
10
9.0
1  0.0  49.07071993865461  7.833627267951241  5.650160670195012  0.2751079805848558
2  0.0  55.182975967427296  6.059664994159052  5.6568366066128455  -0.014128201756640035
3  0.0  57.77722426229973  14.060783546681979  5.65676538505579  0.03170770308013356
4  0.0  50.64533824791879  8.118724130538643  5.65657828416271  -0.05587589049725886
5  0.0  46.93269193538523  6.142104172552031  5.656569360633623  0.05677207360078759
6  0.0  46.63177863653889  10.329630957231979  5.651426237664801  0.24775286120220724
7  0.0  54.59169872446244  4.242700533023043  5.6565288704168095  0.06067238367769787
8  0.0  59.58263481520375  1.1347460686941782  5.655440770693513  0.12645034273408617
9  0.0  58.47314978712377  9.825983511854092  5.655774465148308  0.1105223930992673
10  0.0  47.13701657217581  5.5530844080254935  5.651871992682694  -0.23736675910700256
10
10.0
1  0.0  54.720880608849626  8.108735248536096  5.656369646252311  0.0740433991354603
2  0.0  60.83981257404014  6.0455367924024115  5.649892677629631  -0.2805578928975092
3  0.0  63.433989647355524  14.092491249762112  5.65653993368577  0.059632026782416823
4  0.0  56.3019165320815  8.062848240041385  5.655656065481105  -0.11642366162766836
5  0.0  52.589261296018854  6.198876246152818  5.656824587822282  -0.018318913976386776
6  0.0  52.28320487420369  10.577383818434186  5.653391085782456  -0.1979121805131308
7  0.0  60.248227594879246  4.303372916700741  5.652651154389762  -0.2180250599726858
8  0.0  65.23807558589726  1.2611964114282643  5.655063642288504  0.14232077032772827
9  0.0  64.12892425227209  9.936505904953359  5.650794799212256  0.2617596936041541
10  0.0  52.7888885648585  5.315717648918491  5.656822488489654  -0.018956099749656622
10
11.0
1  0.0  60.377250255101934  8.182778647671556  5.65516884832897  0.13807714108285507
2  0.0  66.48970525166978  5.764978899504902  5.650506113312767  -0.26791913596282013
3  0.0  69.0905295810413  14.152123276544529  5.655241078583616  -0.13508642826138545
4  0.0  61.9575725975626  7.946424578413716  5.656577280730003  -0.05597738051364716
5  0.0  58.24608588384113  6.1805573321764316  5.650037034131531  -0.27763557578629605
6  0.0  57.93659595998615  10.379471637921055  5.656623841977071  -0.05105595338992256
7  0.0  65.90087874926901  4.085347856728055  5.652523094703158  -0.2213202743705131
8  0.0  70.89313922818577  1.4035171817559926  5.654523776808127  -0.16236027073012588
9  0.0  69.77971905148434  10.198265598557512  5.654072950928095  -0.17736703634918877
10  0.0  58.445711053348155  5.296761549168834  5.656335980917602  0.07657199864779175
10
12.0
1  0.0  66.03241910343091  8.320855788754411  5.65661147357655  -0.052408367673070395
2  0.0  72.14021136498255  5.497059763542081  5.655297988112219  0.1326825747938302
3  0.0  74.74577065962491  14.017036848283144  5.653068330002438  0.20692620985134724
4  0.0  67.61414987829261  7.89044719790007  5.650246627663676  -0.2733368737936019
5  0.0  63.89612291797266  5.9029217563901355  5.656854187362086  -8.384056606047454E-4
6  0.0  63.59321980196322  10.328415684531132  5.656435101862264  0.06886173407948039
7  0.0  71.55340184397217  3.8640275823575423  5.651643631328579  0.24274320683207795
8  0.0  76.54766300499391  1.2411569110258667  5.65471941156366  0.15539747901797593
9  0.0  75.43379200241243  10.020898562208323  5.652346514473089  -0.2257850312220653
10  0.0  64.10204703426575  5.3733335478166255  5.656425611367048  0.06963693754693624
10
13.0
1  0.0  71.68903057700746  8.26844742108134  5.6547972716952435  -0.15253791668976124
2  0.0  77.79550935309477  5.6297423383359115  5.656341842594263  0.07613776800879916
3  0.0  80.39883898962735  14.223963058134492  5.656854074465159  0.0014071982549831638
4  0.0  73.26439650595628  7.617110324106468  5.652754962952257  0.21531681034844266
5  0.0  69.55297710533475  5.902083350729531  5.652292374606493  -0.22713632903022674
6  0.0  69.24965490382549  10.397277418610612  5.655867751879455  0.10564077456182629
7  0.0  77.20504547530075  4.10677078918962  5.656843399586644  0.011079375118923115
8  0.0  82.20238241655757  1.3965543900438426  5.651752662261858  -0.240191266735496
9  0.0  81.08613851688553  9.795113530986258  5.654238676209037  -0.17200288503945987
10  0.0  69.75847264563279  5.442970485363562  5.656749696605628  -0.034392876473835494
10
14.0
1  0.0  77.3438278487027  8.11590950439158  5.6546115881592405  -0.15927268144681653
2  0.0  83.45185119568903  5.70588010634471  5.651872097126985  0.2373642722008465
3  0.0  86.05569306409251  14.225370256389475  5.656301936262878  0.07904685843740174
4  0.0  78.91715146890854  7.832427134454911  5.656621335329158  0.05133292022650802
5  0.0  75.20526947994124  5.674947021699304  5.656077032629189  0.09376886991224488
6  0.0  74.90552265570494  10.502918193172437  5.656315377007534  -0.0780791638538483
7  0.0  82.8618888748874  4.1178501643085434  5.6554173394612794  -0.12749398621387403
8  0.0  87.85413507881943  1.1563631233083467  5.653141325794521  -0.20492230379871376
9  0.0  86.74037719309456  9.623110645946799  5.650319473424741  0.2718268718084559
10  0.0  75.41522234223842  5.408577608889726  5.65165675464531  0.24243747167475083
10
15.0
1  0.0  82.99843943686194  7.956636822944763  5.651185654119698  0.2531811657129131
2  0.0  89.10372329281601  5.943244378545557  5.650964846602165  0.2580625940863851
3  0.0  91.71199500035539  14.304417114826876  5.656521136430555  -0.06138919379162065
4  0.0  84.5737728042377  7.883760054681419  5.656227565868799  0.08420049350164974
5  0.0  80.86134651257042  5.768715891611549  5.654811504358486  0.15200937528632935
6  0.0  80.56183803271247  10.424839029318589  5.653286575138877  0.200875332867277
7  0.0  88.51730621434868  3.9903561780946695  5.652573097293533  -0.22003949589426322
8  0.0  93.50727640461395  0.9514408195096329  5.655256043327808  0.13445848580252592
9  0.0  92.3906966665193  9.894937517755254  5.655727599373097  -0.1128951800983399
10  0.0  81.06687909688374  5.651015080564477  5.653133755651564  -0.20513103303217806
10
16.0
1  0.0  88.64962509098164  8.209817988657676  5.656190001429219  -0.08668718320575937
2  0.0  94.75468813941818  6.201306972631942  5.655960667173138  0.10054318172013814
3  0.0  97.36851613678594  14.243027921035255  5.652793041422583  -0.21431479380674853
4  0.0  90.23000037010651  7.967960548183068  5.654020578544103  0.1790287613759465
5  0.0  86.51615801692891  5.920725266897879  5.656510456264006  0.0623655207305394
6  0.0  86.21512460785135  10.625714362185866  5.656478668881981  0.06518487925222384
7  0.0  94.1698793116422  3.770316682200406  5.654339924757961  0.1686416771979597
8  0.0  99.16253244794176  1.0858993053121588  5.655704113301343  0.11406569504578029
9  0.0  98.0464242658924  9.782042337656915  5.652592587492718  -0.21953824227771565
10  0.0  86.7200128525353  5.445884047532299  5.656848093160315  0.008345711983747697
10
17.0
1  0.0  94.30581509241087  8.123130805451916  5.655157176225138  -0.13855436546477018
2  0.0  0.4106488065913112  6.30185015435208  5.6553393841637964  -0.13090626389093618
3  0.0  3.0213091782085257  14.028713127228507  5.655794348267268  -0.10950018314154386
4  0.0  95.88402094865062  8.146989309559014  5.651410184436213  -0.24811877649757139
5  0.0  92.17266847319291  5.983090787628418  5.654264368584137  0.1711562156623555
6  0.0  91.87160327673334  10.690899241438089  5.656843806046288  -0.01086986640847014
7  0.0  99.82421923640017  3.9389583593983657  5.655825700315902  -0.10786865923953724
8  0.0  4.818236561243097  1.1999650003579392  5.656003630489113  -0.09809654374124288
9  0.0  3.6990168533851175  9.562504095379198  5.654746858069577  -0.15439550237054264
10  0.0  92.37686094569563  5.454229759516047  5.653756735597577  0.18717578552001296
10
18.0
1  0.0  99.960972268636  7.984576439987146  5.649917474024123  -0.28005809525326936
2  0.0  6.065988190755108  6.170943890461144  5.650770992367375  -0.26227312447041146
3  0.0  8.677103526475793  13.919212944086963  5.652497381839447  0.22197600838424097
4  0.0  1.5354311330868313  7.8988705330614435  5.654891377664444  -0.14900841189788036
5  0.0  97.82693284177705  6.154247003290774  5.655014532858408  -0.14425891015890613
6  0.0  97.52844708277962  10.68002937502962  5.656326300515541  -0.07728377640984092
7  0.0  5.4800449367160695  3.8310897001588287  5.65646804462988  0.06610037882669194
8  0.0  10.47424019173221  1.1018684566166963  5.656854247921839  -1.332990858358427E-4
9  0.0  9.353763711454695  9.408108593008656  5.65521995072581  -0.13596804371898608
10  0.0  98.03061768129321  5.6414055450360605  5.650770500015302  -0.2622837321619822
10
19.0
1  0.0  5.61088974266012  7.704518344733876  5.655991452641539  0.0987961924665053
2  0.0  11.716759183122482  5.908670765990733  5.652980604806275  0.20930905781672016
3  0.0  14.32960090831524  14.141188952471204  5.656687153067075  -0.0434793321696016
4  0.0  7.190322510751275  7.749862121163563  5.651242497890765  -0.2519091702049668
5  0.0  3.4819473746354532  6.009988093131867  5.652494868931449  0.22203998897419203
6  0.0  3.184773383295166  10.602745598619778  5.652561325397292  0.2203416951527976
7  0.0  11.136512981345948  3.8971900789855205  5.654062600245552  0.17769668681358047
8  0.0  16.13109443965405  1.1017351575308605  5.654202369788336  0.17319226737922458
9  0.0  15.008983662180505  9.27214054928967  5.652718822160665  -0.21626353735788728
10  0.0  3.681388181308506  5.379121812874079  5.656712899608057  -0.039989641256372055
10
20.0
1  0.0  11.266881195301659  7.803314537200381  5.656683827356884  -0.04390987723847333
2  0.0  17.369739787928758  6.117979823807453  5.656328893014985  -0.0770938002949061
3  0.0  19.986288061382314  14.097709620301602  5.655490976193974  -0.12418461333245188
4  0.0  12.84156500864204  7.497952950958596  5.656612255924637  0.05232385806865841
5  0.0  9.134442243566902  6.232028082106059  5.656425696180276  0.06963004805044708
6  0.0  8.837334708692458  10.823087293772575  5.653841187218195  0.18460723093949263
7  0.0  16.7905755815915  4.074886765799101  5.656231717534954  0.08392113888402265
8  0.0  21.785296809442386  1.274927424910085  5.651794895018467  -0.23919545280626472
9  0.0  20.66170248434117  9.055877011931782  5.656245013220904  0.08302018076146993
10  0.0  9.338101080916562  5.339132171617707  5.653468179495988  -0.19569758155460612
10
21.0
1  0.0  16.923565022658543  7.759404659961908  5.650106173677216  -0.2762249557419363
2  0.0  23.026068680943744  6.040886023512547  5.656649135046496  0.04817222205550591
3  0.0  25.64177903757629  13.973525006969151  5.654027750632036  -0.1788021115167405
4  0.0  18.498177264566678  7.550276809027254  5.651570550101544  0.24443878011667997
5  0.0  14.790867939747177  6.301658130156507  5.649841273627568  0.28159116252901534
6  0.0  14.491175895910652  11.007694524712068  5.6557503700976275  0.11174860688412244
7  0.0  22.446807299126455  4.1588079046831234  5.654451434761845  0.1648604619661996
8  0.0  27.437091704460855  1.0357319721038203  5.6563282421347125  -0.0771415402311827
9  0.0  26.317947497562074  9.138897192693252  5.650472375640454  -0.26862973052908823
10  0.0  14.99156926041255  5.143434590063101  5.6500734242520565  -0.27689402406091046
10
22.0
1  0.0  22.57367119633576  7.483179704219972  5.651866574867621  -0.23749572605452937
2  0.0  28.68271781599024  6.089058245568053  5.651109810425007  -0.25486841804796523
3  0.0  31.295806788208324  13.794722895452411  5.656794584590404  -0.025981296131674655
4  0.0  24.149747814668224  7.794715589143935  5.656821592734647  -0.019221549652853945
5  0.0  20.440709213374745  6.583249292685522  5.655590377905031  -0.11957205922811709
6  0.0  20.14692626600828  11.11944313159619  5.650727829105099  -0.2632014463812341
7  0.0  28.1012587338883  4.323668366649323  5.654779578130462  0.15319243701526863
8  0.0  33.09341994659557  0.9585904318726376  5.656374856016081  -0.07364433602837857
9  0.0  31.968419873202528  8.870267462164163  5.655077943990325  -0.14175135764485652
10  0.0  20.641642684664607  4.8665405660021905  5.651492588480048  0.2462346895851413
10
23.0
1  0.0  28.22553777120338  7.2456839781654425  5.654055925793007  0.17790893177410788
2  0.0  34.33382762641525  5.834189827520087  5.656509260000082  0.06247392682836325
3  0.0  36.952601372798725  13.768741599320736  5.656655335387144  0.047438556430050835
4  0.0  29.806569407402872  7.775494039491081  5.656593380619958  -0.054326110908899154
5  0.0  26.096299591279777  6.463677233457405  5.65660561398186  -0.053037042422501395
6  0.0  25.79765409511338  10.856241685214956  5.654718233322335  -0.15544034782493368
7  0.0  33.75603831201876  4.476860803664591  5.652019928408858  0.23381772573766782
8  0.0  38.749794802611646  0.884946095844259  5.652674524288508  -0.21741831215352161
9  0.0  37.623497817192856  8.728516104519306  5.655821607488034  -0.10808304340401519
10  0.0  26.293135273144657  5.112775255587332  5.6547091809178545  -0.1557693141903484
10
24.0
1  0.0  33.87959369699639  7.423592909939551  5.656793470589946  0.02622272089190164
2  0.0  39.990336886415335  5.896663754348451  5.65273902087016  -0.21573493442622957
3  0.0  42.60925670818587  13.816180155750786  5.656062251401789  0.0946562637532796
4  0.0  35.46316278802283  7.721167928582181  5.65275010184642  -0.21544439207203536
5  0.0  31.752905205261637  6.410640191034903  5.6545918358859755  0.15997240240647317
6  0.0  31.452372328435715  10.700801337390022  5.652901521453191  -0.21143412390672506
7  0.0  39.40805824042762  4.710678529402259  5.656455396100097  0.06717404208550912
8  0.0  44.40246932690015  0.6675277836907374  5.656749487117496  0.034427314678047556
9  0.0  43.27931942468089  8.62043306111529  5.651625362567535  -0.24316817469268526
10  0.0  31.947844454062512  4.957005941396983  5.6537599589931675  0.1870783955607575
10
25.0
1  0.0  39.536387167586334  7.449815630831452  5.656629380054307  -0.05043864298781962
2  0.0  45.64307590728549  5.680928819922221  5.65655584174784  0.05810343525476108
3  0.0  48.26531895958766  13.910836419504065  5.656210102266548  0.08536556107615509
4  0.0  41.11591288986925  7.505723536510146  5.650006974433141  -0.2782466331456157
5  0.0  37.407497041147614  6.570612593441377  5.656133853118266  -0.09027643994723364
6  0.0  37.1052738498889  10.489367213483296  5.655764231790901  0.1110448305626385
7  0.0  45.06451363652772  4.7778525714877675  5.6506897563457334  0.26401757049369656
8  0.0  50.05921881401765  0.701955098368785  5.654546955699335  0.16155100058922167
9  0.0  48.93094478724843  8.377264886422605  5.65195785809758  -0.23531334490210415
10  0.0  37.60160441305568  5.14408433695774  5.652846469268786  -0.21290090388589666
10
26.0
1  0.0  45.19301654764064  7.399376987843633  5.651155782905542  -0.253847035305276
2  0.0  51.29963174903333  5.739032255176983  5.656289379795978  -0.07994030277186737
3  0.0  53.92152906185421  13.99620198058022  5.651590923757347  -0.2439672734273461
4  0.0  46.76591986430239  7.227476903364531  5.654620030390864  0.15897267659078076
5  0.0  43.063630894265884  6.480336153494143  5.656689910861985  0.04311904860094258
6  0.0  42.7610380816798  10.600412044045935  5.6538355555647835  -0.18477962720888372
7  0.0  50.715203392873455  5.041870141981464  5.655402997266058  0.12812860146779484
8  0.0  55.713765769716986  0.8635060989580067  5.650863741749312  0.26026711698360777
9  0.0  54.58290264534601  8.1419515415205  5.65083746644705  0.2608369755197507
10  0.0  43.25445088232447  4.931183433071844  5.654392516471231  -0.16686901951575586
10
27.0
1  0.0  50.84417233054618  7.145529952538356  5.656692104647838  -0.042830283852017446
2  0.0  56.95592112882931  5.659091952405115  5.656430102546618  -0.06927117008171145
3  0.0  59.573119985611555  13.752234707152875  5.655584932646942  -0.11982933537693313
4  0.0  52.420539894693256  7.386449579955312  5.656764323606188  0.03189650727318272
5  0.0  48.72032080512787  6.523455202095086  5.655200099423011  -0.13679121128929825
6  0.0  48.41487363724458  10.415632416837052  5.652679440825702  -0.21729044909161332
7  0.0  56.370606390139514  5.169998743449259  5.655500502327654  0.12375002291578051
8  0.0  61.3646295114663  1.1237732159416145  5.656765507209892  -0.03168590286558653
9  0.0  60.23374011179306  8.402788517040252  5.656486337818395  0.06451596758831395
10  0.0  48.9088433987957  4.764314413556088  5.656240803036349  0.08330653075675781
10
28.0
1  0.0  56.50086443519402  7.102699668686339  5.65666514821603  -0.04625365886223258
2  0.0  62.612351231375925  5.589820782323404  5.656113831039014  -0.09152229416481364
3  0.0  65.2287049182585  13.632405371775942  5.652968393750597  0.2096385920025044
4  0.0  58.077304218299446  7.418346087228494  5.656693566251597  -0.042636809540471006
5  0.0  54.37552090455088  6.386663990805787  5.656786734443534  -0.027637673991983525
6  0.0  54.06755307807028  10.198341967745439  5.653307468243401  0.2002864685978352
7  0.0  62.02610689246717  5.29374876636504  5.656431907578237  -0.06912362064319882
8  0.0  67.02139501867619  1.092087313076028  5.650518086419512  -0.26766649967069744
9  0.0  65.89022644961146  8.467304484628565  5.656832232510043  -0.015782687840246806
10  0.0  54.56508420183205  4.847620944312846  5.654742960818763  0.15453817350628798
10
29.0
1  0.0  62.157529583410046  7.056446009824106  5.651755958769775  0.2401136866368952
2  0.0  68.26846506241493  5.49829848815859  5.656283487320406  0.08035615139194308
3  0.0  70.8816733120091  13.842043963778446  5.652099857796881  0.23187754848728573
4  0.0  63.73399778455104  7.375709277688023  5.656515887572266  0.061870943443134846
5  0.0  60.03230763899442  6.359026316813804  5.655682483841684  0.1151331488598699
6  0.0  59.72086054631369  10.398628436343273  5.652616478181407  0.21892224782336792
7  0.0  67.6825388000454  5.224625145721841  5.656851981941791  -0.005065017398323106
8  0.0  72.6719131050957  0.8244208134053306  5.656080862761967  0.09353755340950737
9  0.0  71.5470586821215  8.451521796788318  5.650616517847904  0.2655804364489991
10  0.0  60.219827162650816  5.002159117819134  5.656833192471293  0.015434783932426793
10
30.0
1  0.0  67.80928554217982  7.296559696461001  5.651891468031872  0.2369025824860376
2  0.0  73.92474854973534  5.578654639550534  5.654661313828512  0.15749738375997355
3  0.0  76.53377316980598  14.073921512265732  5.650417527885994  -0.26978094921387274
4  0.0  69.3905136721233  7.437580221131158  5.653611583217121  -0.19150996348285407
5  0.0  65.6879901228361  6.474159465673673  5.653938226456363  -0.1816109341848807
6  0.0  65.37347702449509  10.617550684166641  5.6540164484662245  -0.17915914845015155
7  0.0  73.33939078198719  5.2195601283235185  5.656717951300284  0.03926855532262916
8  0.0  78.32799396785767  0.9179583668148379  5.6565590288557726  -0.05779232708793248
9  0.0  77.19767519996941  8.717102233237318  5.652138957694378  -0.23092250412967505
10  0.0  65.87666035512211  5.01759390175156  5.652314514115182  0.22658471599572316
10
31.0
1  0.0  73.4611770102117  7.533462278947039  5.652115879345038  -0.23148668742650444
2  0.0  79.57940986356385  5.736152023310507  5.651895283584668  0.23681153560037668
3  0.0  82.18419069769197  13.80414056305186  5.65658118501629  0.05558144762148771
4  0.0  75.04412525534043  7.246070257648304  5.656399862939605  0.07169791166296034
5  0.0  71.34192834929246  6.292548531488793  5.655245177541986  0.13491472079848232
6  0.0  71.02749347296131  10.43839153571649  5.6531933251062805  -0.20348274859015353
7  0.0  78.99610873328747  5.258828683646148  5.655682876880069  -0.11511384002631934
8  0.0  83.98455299671343  0.8601660397269054  5.6552270820541155  -0.13567111115377375
9  0.0  82.84981415766379  8.486179729107644  5.6552885518794085  -0.13308416502990042
10  0.0  71.52897486923729  5.244178617747283  5.654689040300135  -0.1564987460318497
10
32.0
1  0.0  79.11329288955673  7.301975591520534  5.650288446706783  0.272471042519891
2  0.0  85.23130514714852  5.972963558910884  5.650985022109522  -0.2576204182394649
3  0.0  87.84077188270827  13.859722010673348  5.656794134381241  0.026079133996228937
4  0.0  80.70052511828004  7.317768169311265  5.65391727494234  0.18226203145085784
5  0.0  76.99717352683444  6.427463252287275  5.656110689996177  0.09171620637051052
6  0.0  76.6806867980676  10.234908787126336  5.651341358584361  -0.24968149461639946
7  0.0  84.65179161016754  5.143714843619828  5.652394729717266  0.22457475250902809
8  0.0  89.63978007876754  0.7244949285731317  5.654318136821289  0.16937062205065653
9  0.0  88.5051027095432  8.353095564077742  5.656643952747421  -0.048776960196805545
10  0.0  77.18366390953743  5.087679871715434  5.654309170888541  -0.16966967909956363
10
33.0
1  0.0  84.76358133626351  7.5744466340404255  5.653572149450844  -0.19267057625336173
2  0.0  90.88229016925804  5.715343140671419  5.652838174497956  0.21312102885130196
3  0.0  93.49756601708951  13.885801144669577  5.656768607511951  -0.031127496964951252
4  0.0  86.35444239322239  7.500030200762122  5.653902325813015  -0.18272517660734758
5  0.0  82.65328421683063  6.519179458657786  5.656824439789773  -0.01836456907040744
6  0.0  82.33202815665196  9.985227292509936  5.656822316216664  0.019007439415555882
7  0.0  90.30418633988481  5.368289596128856  5.6561036686092905  0.0921481955577583
8  0.0  95.29409821558883  0.8938655506237883  5.656697038656897  0.042173603714856865
9  0.0  94.16174666229061  8.304318603880937  5.655551990419977  -0.12137414739822953
10  0.0  82.83797308042597  4.91801019261587  5.6547858367836294  -0.15296123728345326
10
34.0
1  0.0  90.41715348571435  7.3817760577870635  5.655239858169321  0.1351375098671028
2  0.0  96.535128343756  5.928464169522721  5.65286617117219  0.2123771428781373
3  0.0  99.15433462460146  13.854673647704626  5.656823204690049  0.018741154719103467
4  0.0  92.0083447190354  7.317305024154774  5.65373887689073  -0.18771444252998168
5  0.0  88.3101086566204  6.500814889587378  5.649836205765524  -0.28169282564709497
6  0.0  87.98885047286862  10.004234731925493  5.650837239195936  -0.26084189869814806
7  0.0  95.9602900084941  5.460437791686615  5.655122299793378  -0.13997061970170835
8  0.0  0.9507952542457332  0.9360391543386452  5.652864474683043  -0.2124222937132661
9  0.0  99.81729865271059  8.182944456482707  5.654915691558726  0.14808281926986377
10  0.0  88.4927589172096  4.765048955332416  5.650144906987515  0.27543153422050076
10
35.0
1  0.0  96.07239334388368  7.516913567654166  5.651611885389981  0.243481204446568
2  0.0  2.1879945149281923  6.140841312400858  5.655461598853318  -0.1255153532261573
3  0.0  4.811157829291517  13.87341480242373  5.6509237367352  -0.25896123571433904
4  0.0  97.66208359592613  7.129590581624793  5.65335601342502  0.19891150160603838
5  0.0  93.95994486238592  6.219122063940283  5.65380874135545  -0.18559826554342107
6  0.0  93.63968771206456  9.743392833227345  5.65377847081143  -0.18651810364995378
7  0.0  1.6154123082874747  5.320467171984906  5.65300709584315  0.20859236406690426
8  0.0  6.603659728928776  0.723616860625379  5.654100113398894  -0.1764990302030486
9  0.0  5.472214344269318  8.33102727575257  5.656733312256997  0.03698964722723298
10  0.0  94.14290382419712  5.040480489552917  5.650212585036125  -0.2740396757759967
10
36.0
1  0.0  1.7240052292736578  7.760394772100734  5.650031921037989  -0.27773961052003315
2  0.0  7.84345611378151  6.0153259591747  5.653373782768828  -0.19840582728863942
3  0.0  10.462081566026717  13.61445356670939  5.654910367116363  0.1482860070265696
4  0.0  3.3154396093511593  7.328502083230831  5.656643158049805  -0.048869034043359114
5  0.0  99.61375360374137  6.033523798396862  5.65670972261551  -0.04043654370965154
6  0.0  99.29346618287599  9.556874729577391  5.655822565557987  -0.1080328974205423
7  0.0  7.268419404130625  5.52905953605181  5.656559315180803  -0.057764295557973584
8  0.0  12.25775984232767  0.5471178304223304  5.654471347531019  -0.1641760638788165
9  0.0  11.128947656526314  8.368016922979804  5.656551193801653  -0.05855417919418005
10  0.0  99.79311640923325  4.76644081377692  5.656830574550484  -0.016366148932107073
10
37.0
1  0.0  7.374037150311647  7.482655161580701  5.65293847777102  -0.21044373722190793
2  0.0  13.496829896550338  5.816920131886061  5.655443404814828  0.12633247775801776
3  0.0  16.11699193314308  13.76273957373596  5.6557645297798995  -0.11102965227163614
4  0.0  8.972082767400964  7.279633049187472  5.653369844558899  0.1985180108506349
5  0.0  5.270463326356889  5.993087254687211  5.654996870127838  -0.14494964244309136
6  0.0  4.949288748433972  9.448841832156848  5.65377520406094  0.1866170998211896
7  0.0  12.924978719311428  5.471295240493837  5.656849365929506  -0.007433113948781885
8  0.0  17.91223118985869  0.3829417665435139  5.6567690346078106  0.031049784254127806
9  0.0  16.78549885032797  8.309462743785623  5.652903102534378  0.21139184789680304
10  0.0  5.449946983783732  4.750074664844813  5.656641979052787  0.04900531417917574
10
38.0
1  0.0  13.026975628082667  7.272211424358793  5.650670981371554  0.2644190996987452
2  0.0  19.152273301365167  5.9432526096440785  5.65382362909622  0.18514418995277201
3  0.0  21.772756462922978  13.651709921464324  5.65685171446075  -0.005355427385126023
4  0.0  14.625452611959863  7.478151060038107  5.656694512651121  0.04251106376810999
5  0.0  10.925460196484728  5.84813761224412  5.650306073647465  -0.2721052629086805
6  0.0  10.603063952494912  9.635458931978038  5.655880293338095  0.10496717310562674
7  0.0  18.581828085240932  5.463862126545055  5.655564276132099  -0.12080032507584039
8  0.0  23.5690002244665  0.4139915507976417  5.6561276467600665  0.09066445586022663
9  0.0  22.438401952862346  8.520854591682426  5.656632140937482  -0.050128057144292
10  0.0  11.106588962836518  4.799079979023988  5.656821977467973  -0.01910798878372044
10
39.0
1  0.0  18.67764660945422  7.536630524057538  5.656521735618156  -0.061333958615260274
2  0.0  24.806096930461386  6.1283967995968505  5.655794805916013  -0.10947654257172827
3  0.0  27.429608177383727  13.646354494079198  5.650527836607383  -0.26746059097574854
4  0.0  20.282147124610987  7.5206621238062175  5.65088694100612  0.2597629303162779
5  0.0  16.575766270132192  5.576032349335439  5.6548015907422835  0.15237771929835303
6  0.0  16.258944245833007  9.740426105083664  5.654170374506574  0.17423368231254852
7  0.0  24.237392361373033  5.343061801469215  5.654019475014207  0.1790636092568638
8  0.0  29.225127871226565  0.5046560066578684  5.655634471940736  -0.11746795220669119
9  0.0  28.09503409379983  8.470726534538134  5.6514917166485  0.24625469874383
10  0.0  16.763410940304492  4.779971990240267  5.650020032845088  0.2779813455058134
10
40.0
1  0.0  24.334168345072378  7.475296565442278  5.656064276467035  0.09453518114168225
2  0.0  30.4618917363774  6.018920257025123  5.649833061548433  -0.28175588127717166
3  0.0  33.08013601399111  13.37889390310345  5.652639767851767  0.21832007443368476
4  0.0  25.933034065617107  7.780425054122495  5.655405437027558  0.1280208687642066
5  0.0  22.230567860874476  5.728410068633792  5.656851691637283  -0.0053794814278233325
6  0.0  21.91311462033958  9.914659787396213  5.654220990762082  -0.17258327736334056
7  0.0  29.891411836387242  5.522125410726079  5.656412234670753  0.070715143123994
8  0.0  34.880762343167305  0.38718805445117715  5.656338701237786  0.07637078551146892
9  0.0  33.746525810448325  8.716981233281963  5.655867631851522  0.10564720050373372
10  0.0  22.41343097314958  5.057953335746081  5.656665704595656  0.0461855654003822
10
41.0
1  0.0  29.990232621539413  7.569831746583961  5.654134114115691  0.17540644113949103
2  0.0  36.11172479792583  5.737164375747951  5.652795457138767  -0.21425106709498073
3  0.0  38.732775781842875  13.597213977537134  5.6551429610600215  -0.13913335320223447
4  0.0  31.588439502644665  7.908445922886702  5.653450145795569  0.19621786107301598
5  0.0  27.88741955251176  5.723030587205969  5.656825945524269  -0.017894749047935282
6  0.0  27.56733561110166  9.742076510032872  5.651970554595652  0.23500819131197026
7  0.0  35.547824071057995  5.592840553850073  5.656076460567435  -0.09380336995534341
8  0.0  40.53710104440509  0.4635588399626461  5.650375200105929  -0.27066602673384543
9  0.0  39.40239344229985  8.822628433785697  5.653242747762846  -0.2021050095044815
10  0.0  28.070096677745237  5.104138901146463  5.651614123314214  0.2434292528751011
10
42.0
1  0.0  35.644366735655105  7.7452381877234515  5.653510346121503  -0.1944756187730873
2  0.0  41.764520255064596  5.52291330865297  5.656460001428005  -0.06678511993787284
3  0.0  44.3879187429029  13.4580806243349  5.6541736883699665  0.1741261087395349
4  0.0  37.241889648440235  8.104663783959717  5.653708889011903  -0.18861547738137405
5  0.0  33.54424549803603  5.705135838158034  5.653592790589486  -0.192063942984128
6  0.0  33.21930616569731  9.977084701344841  5.654344333795318  0.16849378290249392
7  0.0  41.20390053162543  5.49903718389473  5.656213323659806  0.08515184820845129
8  0.0  46.18747624451102  0.19289281322880064  5.656610913085763  -0.052468828451287114
9  0.0  45.05563619006269  8.620523424281215  5.656320525802391  0.07770527257910362
10  0.0  33.72171080105945  5.347568154021564  5.649971228199348  0.2789715406982833
10
43.0
1  0.0  41.297877081776605  7.550762568950364  5.656728505662102  -0.03771754538492268
2  0.0  47.4209802564926  5.4561281887150965  5.655998349292418  -0.09840057317648607
3  0.0  50.04209243127286  13.632206733074433  5.655804462511698  -0.10897651963962589
4  0.0  42.89559853745214  7.916048306578343  5.6558079797718435  -0.10879382312041862
5  0.0  39.19783828862551  5.513071895173906  5.650605577239073  -0.2658131119314966
6  0.0  38.873650499492626  10.145578484247336  5.6560304829749715  -0.09653587756848554
7  0.0  46.860113855285235  5.584189032103182  5.656526503512085  0.06089265198173139
8  0.0  51.84408715759678  0.14042398477751353  5.649792853766946  0.28256098372556093
9  0.0  50.711956715865085  8.698228696860319  5.6566076439183846  0.052820098107872464
10  0.0  39.3716820292588  5.626539694719847  5.656834619882164  0.014902459616946369
10
44.0
1  0.0  46.95460558743871  7.513045023565441  5.650196219593177  -0.2743768942440858
2  0.0  53.076978605785015  5.357727615538611  5.656849412856779  0.007397314508516092
3  0.0  55.69789689378456  13.523230213434807  5.652044216992024  -0.23322986336877627
4  0.0  48.55140651722398  7.807254483457925  5.65630483031885  0.0788394984235595
5  0.0  44.84844386586458  5.247258783242409  5.653289569232611  -0.20079105160783187
6  0.0  44.529680982467596  10.049042606678851  5.652270207364795  0.2276872919957056
7  0.0  52.51664035879732  5.645081684084913  5.653700386186681  -0.18887017560378347
8  0.0  57.49388001136373  0.42298496850307443  5.656778432491853  0.029287637238550285
9  0.0  56.36856435978347  8.751048794968192  5.656851917622639  -0.005136349784053833
10  0.0  45.02851664914096  5.641442154336794  5.653236536159188  -0.20227868457869452
10
45.0
1  0.0  52.60480180703188  7.238668129321355  5.655425931422065  -0.12711228972415373
2  0.0  58.733828018641795  5.365124930047127  5.653461761798446  -0.19588289328791142
3  0.0  61.349941110776584  13.29000035006603  5.656598351211326  -0.05380606911229392
4  0.0  54.20771134754283  7.886093981881484  5.656852017772566  0.005024840541835179
5  0.0  50.501733435097194  5.046467731634578  5.6555520158092  -0.12137296435578186
6  0.0  50.18195118983239  10.276729898674557  5.656813338306406  -0.021514078152231064
7  0.0  58.170340744983996  5.45621150848113  5.656762461926796  0.032224979998727095
8  0.0  63.15065844385558  0.4522726057416247  5.653691287599842  -0.1891423393046791
9  0.0  62.02541627740611  8.745912445184137  5.653850514885917  -0.18432133713783158
10  0.0  50.68175318530015  5.439163469758099  5.6554628769277375  0.1254577526192387
10
46.0
1  0.0  58.26022773845395  7.111555839597202  5.6565959921662845  -0.05405350505175291
2  0.0  64.38728978044024  5.169242036759216  5.651983326510894  0.2347008241205504
3  0.0  67.00653946198791  13.236194280953736  5.656205494614358  -0.08567031396199547
4  0.0  59.8645633653154  7.891118822423319  5.649792840161989  0.2825612557559011
5  0.0  56.15728545090639  4.925094767278796  5.654105228005425  -0.17633510893110949
6  0.0  55.838764528138796  10.255215820522325  5.656400366569785  -0.07165816819603738
7  0.0  63.82710320691079  5.488436488479857  5.655318105213138  0.13182233819998662
8  0.0  68.80434973145543  0.2631302664369456  5.656690480041622  -0.043044314450228494
9  0.0  67.67926679229203  8.561591108046306  5.65590848417954  -0.10343702715142947
10  0.0  56.33721606222789  5.564621222377338  5.654157341972661  -0.17465609699255935
10
47.0
1  0.0  63.91682373062024  7.057502334545449  5.656707811707819  0.04070298470371066
2  0.0  70.03927310695113  5.403942860879766  5.656412444131835  0.07069838661907928
3  0.0  72.66274495660227  13.15052396699174  5.652491098846297  0.22213594365476977
4  0.0  65.51435620547738  8.17368007817922  5.656853214858755  -0.0034213363171666186
5  0.0  61.81139067891182  4.748759658347686  5.655680275121429  0.11524159666723935
6  0.0  61.49516489470858  10.183557652326288  5.65634130213683  -0.0761779084842737
7  0.0  69.48242131212393  5.6202588266798434  5.656499069802784  0.06338985187122166
8  0.0  74.46104021149705  0.2200859519867171  5.656775220441838  0.029901595194889052
9  0.0  73.33517527647156  8.458154080894877  5.651861458746678  -0.2376174470317654
10  0.0  61.99137340420055  5.389965125384778  5.656558303856076  0.05786324461090171
10
48.0
1  0.0  69.57353154232806  7.09820531924916  5.649824018588146  0.2819371543173302
2  0.0  75.69568555108296  5.4746412474988455  5.656479947886027  0.0650737978245736
3  0.0  78.31523605544857  13.37265991064651  5.656845433362414  0.009987144076451484
4  0.0  71.17120942033614  8.170258741862053  5.6560040635155895  -0.09807157332865382
5  0.0  67.46707095403325  4.864001255014926  5.656150028594525  0.08925723516987215
6  0.0  67.1515061968454  10.107379743842014  5.654801306078853  0.15238828291211517
7  0.0  75.13892038192671  5.683648678551065  5.650966984883581  0.2580157664868188
8  0.0  80.1178154319389  0.24998754718160615  5.656854161478609  9.97878823646847E-4
9  0.0  78.98703673521824  8.220536633863112  5.656732394730709  0.03712969706584461
10  0.0  67.64793170805663  5.44782836999568  5.656766849063693  0.03144543423211794
10
49.0
1  0.0  75.2233555609162  7.38014247356649  5.650792846649489  0.2618018415806369
2  0.0  81.35216549896899  5.539715045323419  5.650604178655384  0.26584284109665035
3  0.0  83.97208148881099  13.38264705472296  5.656792326454693  0.02646838422174254
4  0.0  76.82721348385174  8.0721871685334  5.6515114162767235  0.24580218000228893
5  0.0  73.12322098262777  4.953258490184798  5.656713235836256  -0.039942051962041675
6  0.0  72.80630750292426  10.259768026754129  5.654924326443509  0.14775270622709882
7  0.0  80.78988736681029  5.941664445037883  5.6567901915738386  -0.02692078219573007
8  0.0  85.7746695934175  0.250985426005253  5.656640512578613  -0.049174296684015545
9  0.0  84.64376912994895  8.257666330928958  5.6554756570223645  -0.12488031401097571
10  0.0  73.30469855712033  5.479273804227797  5.653326465345446  -0.19974953372858922
10
50.0
1  0.0  80.8741484075657  7.641944315147127  5.653963903296508  0.18080979016682316
2  0.0  87.00276967762437  5.805557886420069  5.65260180354469  -0.21930082207629567
3  0.0  89.62887381526568  13.409115438944703  5.656757047628082  0.03316178689446145
4  0.0  82.47872490012846  8.31798934853569  5.655299367885395  -0.1326237520018737
5  0.0  78.77993421846402  4.913316438222756  5.651217921476901  0.25245990568468585
6  0.0  78.46123182936776  10.407520732981228  5.650622252646785  0.26545839201838095
7  0.0  86.44667755838412  5.914743662842153  5.654872799517788  -0.14971179403728443
8  0.0  91.43131010599612  0.20181112932123743  5.6566390100060095  -0.04934683858402407
9  0.0  90.29924478697131  8.132786016917981  5.652202946247493  0.22935094164006675
10  0.0  78.95802502246578  5.279524270499208  5.651490540809802  0.24628168250472265
10
51.0
1  0.0  86.52811231086221  7.82275410531395  5.65440332658839  0.16650231309564062
2  0.0  92.65537148116906  5.586257064343774  5.6556337783723505  -0.11750134013583088
3  0.0  95.28563086289375  13.442277225839165  5.653921485733282  -0.1821313623832171
4  0.0  88.13402426801385  8.185365596533817  5.654489101804219  0.1635634359425192
5  0.0  84.43115213994092  5.165776343907441  5.655395429368652  -0.12846220251960888
6  0.0  84.11185408201455  10.672979124999609  5.6528729681480305  0.21219614977957485
7  0.0  92.10155035790191  5.7650318688048685  5.651837048148821  -0.23819735761007357
8  0.0  97.08794911600212  0.15246429073721335  5.653541565129697  -0.19356593540923678
9  0.0  95.95144773321881  8.362136958558049  5.6549623664884106  -0.14628955396686164
10  0.0  84.60951556327558  5.525805953003931  5.656094924269657  -0.09268337311003765
10
52.0
1  0.0  92.1825156374506  7.989256418409591  5.655832671061474  0.10750254394054005
2  0.0  98.3110052595414  5.468755724207943  5.650589266306607  -0.26615962034197466
3  0.0  0.9395523486270321  13.260145863455948  5.653081911575894  -0.20655483778754766
4  0.0  93.78851336981806  8.348929032476336  5.65685265434409  -0.004248180814853148
5  0.0  90.08654756930957  5.037314141387832  5.654081196929245  -0.1771039766102903
6  0.0  89.76472705016258  10.885175274779183  5.656202181475318  -0.0858887785095483
7  0.0  97.75338740605073  5.526834511194795  5.65669047984634  -0.043044340113384844
8  0.0  2.741490681131822  99.95889835532797  5.656775715578218  -0.029807778255898962
9  0.0  1.6064100997072188  8.215847404591187  5.649848243542087  0.2814512834300418
10  0.0  90.26561048754523  5.433122579893893  5.654146376570676  0.17501072056510672
10
53.0
1  0.0  97.83834830851208  8.096758962350131  5.651093735875509  -0.25522458413843807
2  0.0  3.961594525848014  5.202596103865969  5.655093447712936  -0.14113149058323013
3  0.0  6.592634260202926  13.0535910256684  5.650475438799011  0.26856529099853427
4  0.0  99.44536602416215  8.344680851661483  5.65676036893254  -0.03259031258224926
5  0.0  95.74062876623881  4.860210164777542  5.651800815311411  -0.23905552502565766
6  0.0  95.4209292316379  10.799286496269634  5.656332296787897  -0.07684366150930641
7  0.0  3.410077885897067  5.48379017108141  5.6561309633629415  -0.0904573119598431
8  0.0  8.398266396710039  99.92909057707207  5.650382616588807  0.2705111571655179
9  0.0  7.256258343249306  8.497298688021228  5.652651721140814  -0.2180103655421296
10  0.0  95.91975686411591  5.6081333004589995  5.65638285670791  0.07302724382647452
10
54.0
1  0.0  3.4894420443875873  7.841534378211693  5.651768721310683  -0.239813095585428
2  0.0  9.61668797356095  5.061464613282739  5.656800561942964  -0.0246455351289057
3  0.0  12.243109699001938  13.322156316666934  5.653937363290251  0.18163780440887817
4  0.0  5.102126393094693  8.312090539079234  5.654363111724338  -0.16786244598204111
5  0.0  1.3924295815502319  4.621154639751884  5.655795599981201  0.10943551175605466
6  0.0  1.0772615284257938  10.722442834760328  5.655563524797039  0.12083549555200568
7  0.0  9.066208849260008  5.393332859121567  5.656189421943975  0.08672498537951026
8  0.0  14.048649013298846  0.1996017342375893  5.651448071420374  -0.2472543145001513
9  0.0  12.90891006439012  8.279288322479099  5.656541290267307  0.059503205805182945
10  0.0  1.576139720823818  5.681160544285474  5.6565227791310875  0.061237645048991665
10
55.0
1  0.0  9.14121076569827  7.601721282626265  5.655521293532446  -0.12279616606861822
2  0.0  15.273488535503914  5.036819078153833  5.65569413940432  0.11455916160504549
3  0.0  17.897047062292188  13.503794121075812  5.6565807655771545  -0.05562411799357633
4  0.0  10.756489504819031  8.144228093097192  5.655849497809609  0.10661359259869735
5  0.0  7.048225181531433  4.730590151507939  5.654870344989061  -0.1498044771137234
6  0.0  6.732825053222832  10.843278330312334  5.655714725516696  -0.11353829122197746
7  0.0  14.722398271203982  5.4800578445010775  5.6556714812624245  -0.11567236504405609
8  0.0  19.700097084719218  99.95234741973744  5.6535001996014  0.19477035992918082
9  0.0  18.565451354657426  8.33879152828428  5.649807329060183  0.2822714021963021
10  0.0  7.232662499954905  5.742398189334465  5.656849746118704  0.0071379154365544
10
56.0
1  0.0  14.796732059230717  7.4789251165576465  5.654115823392548  -0.17599504442474392
2  0.0  20.929182674908233  5.151378239758879  5.65668105630553  0.0442654180391021
3  0.0  23.55362782786934  13.448170003082236  5.651911643058714  0.23642076697562805
4  0.0  16.41233900262864  8.250841685695889  5.656812636634672  0.021697788142991774
5  0.0  12.703095526520494  4.580785674394216  5.656799639629371  0.02485632895350105
6  0.0  12.388539778739528  10.729740039090355  5.656790249193452  0.02690867202021031
7  0.0  20.378069752466406  5.364385479457021  5.651355176240104  -0.24936854650131215
8  0.0  25.353597284320617  0.14711777966661543  5.656595668906474  0.0540873229927965
9  0.0  24.215258683717607  8.621062930480583  5.654590439434695  0.16002175556396245
10  0.0  12.88951224607361  5.749536104771019  5.651218997546793  -0.25243581712240054
10
57.0
1  0.0  20.450847882623265  7.302930072132902  5.653789377144502  0.18618721462021384
2  0.0  26.585863731213763  5.195643657797981  5.655326366876328  0.13146742605458922
3  0.0  29.205539470928056  13.684590770057865  5.656027784768318  0.09669383604337631
4  0.0  22.069151639263314  8.272539473838881  5.655360459825393  0.12999257457072586
5  0.0  18.359895166149865  4.605642003347716  5.651403130123134  -0.24827940074534993
6  0.0  18.04533002793298  10.756648711110566  5.656814181496941  -0.021291219201760685
7  0.0  26.02942492870651  5.115016932955709  5.656146282967159  0.0894942773410004
8  0.0  31.01019295322709  0.20120510265941194  5.652076240911812  -0.23245250465460024
9  0.0  29.869849123152303  8.781084686044546  5.652500565217222  -0.22189493058428625
10  0.0  18.540731243620403  5.497100287648619  5.652081157766735  0.23233292065110828
10
58.0
1  0.0  26.104637259767767  7.489117286753116  5.655127611252681  -0.13975586015478436
2  0.0  32.241190098090094  5.327111083852571  5.652615420204221  0.21894956330051998
3  0.0  34.86156725569637  13.781284606101242  5.65234104603161  -0.2259218877096181
4  0.0  27.724512099088706  8.402532048409608  5.650779329232686  -0.2620934419564932
5  0.0  24.011298296272997  4.357362602602366  5.656822322630676  -0.01900553044015041
6  0.0  23.70214420942992  10.735357491908806  5.654672342757794  -0.15710091040500931
7  0.0  31.68557121167367  5.204511210296709  5.654390648532929  0.1669323029954304
8  0.0  36.6622691941389  99.96875259800481  5.651234155739272  -0.25209624552112053
9  0.0  35.52234968836952  8.55918975546026  5.655818530331998  -0.1082439464968895
10  0.0  24.192812401387137  5.729433208299728  5.649983693250876  -0.2787189731597291
10
59.0
1  0.0  31.759764871020447  7.349361426598332  5.654905767160521  0.14846132336312118
2  0.0  37.893805518294315  5.546060647153091  5.651697971781212  -0.2414747104028732
3  0.0  40.51390830172798  13.555362718391624  5.650790223736801  -0.2618584490150914
4  0.0  33.37529142832139  8.140438606453115  5.656726910759796  0.03795598880212406
5  0.0  29.66812061890367  4.338357072162216  5.6504442338367875  -0.26922102499735157
6  0.0  29.356816552187716  10.578256581503796  5.6567891160015895  0.02714584841111397
7  0.0  37.3399618602066  5.37144351329214  5.6549916482985685  -0.1451532213677593
8  0.0  42.313503349878175  99.7166563524837  5.656563081949148  -0.0573942499729721
9  0.0  41.17816821870152  8.45094580896337  5.650376868201694  -0.2706312016217634
10  0.0  29.84279609463801  5.450714235139999  5.652933980283039  -0.2105645140126461
10
60.0
1  0.0  37.414670638180965  7.497822749961453  5.651836692189788  -0.23820580349196702
2  0.0  43.545503490075525  5.304585936750217  5.654371885429602  0.16756664722823525
3  0.0  46.16469852546478  13.293504269376532  5.65664940964642  0.04813996621113378
4  0.0  39.03201833908118  8.17839459525524  5.653317642529648  -0.19999908165550112
5  0.0  35.31856485274046  4.069136047164864  5.653820481730104  -0.185240277394508
6  0.0  35.01360566818931  10.60540242991491  5.656214002121307  0.08510676945384225
7  0.0  42.99495350850517  5.22629029192438  5.655272342696524  0.13377118498304527
8  0.0  47.97006643182732  99.65926210251072  5.653217974705594  0.20279677133917207
9  0.0  46.82854508690322  8.180314607341607  5.650227293357798  -0.27373624786396394
10  0.0  35.49573007492105  5.240149721127352  5.656784271905529  0.028137183978780594
10
61.0
1  0.0  43.066507330370754  7.259616946469486  5.6545215314202615  -0.16243845205096383
2  0.0  49.19987537550513  5.472152583978453  5.65298167306519  -0.20928020448460039
3  0.0  51.8213479351112  13.341644235587665  5.656803571048725  -0.023944906982274736
4  0.0  44.685335981610834  7.978395513599739  5.6550733762640375  -0.14193346705301882
5  0.0  40.97238533447056  3.883895769770356  5.653078399982845  0.20665092220318107
6  0.0  40.669819670310616  10.690509199368753  5.655429023534215  0.12697464221976337
7  0.0  48.6502258512017  5.3600614769074255  5.655590053132467  0.11958741952683687
8  0.0  53.62328440653292  99.86205887384989  5.6568542319207715  4.458700213063256E-4
9  0.0  52.47877238026102  7.906578359477644  5.650612869867864  0.26565804125546777
10  0.0  41.15251434682658  5.268286905106133  5.65550303787032  -0.12363409173687646
10
62.0
1  0.0  48.72102886179101  7.0971784944185226  5.655427529996661  -0.12704114670420258
2  0.0  54.85285704857032  5.262872379493852  5.656271035910635  0.08122787894844263
3  0.0  57.478151506159925  13.317699328605391  5.655343320552141  -0.13073609557534766
4  0.0  50.34040935787487  7.836462046546719  5.655087426060617  -0.14137257022184216
5  0.0  46.625463734453405  4.090546691973537  5.651403169563683  -0.24827850298723061
6  0.0  46.325248693844834  10.817483841588517  5.649884092192915  -0.28073073359616535
7  0.0  54.30581590433417  5.479648896434262  5.654488263295337  -0.1635924211425145
8  0.0  59.28013863845369  99.8625047438712  5.656854169858173  9.491881890054913E-4
9  0.0  58.129385250128884  8.172236400733112  5.653285414382712  0.20090799766986805
10  0.0  46.808017384696896  5.144652813369256  5.656588597274326  0.054821904254488796
10
63.0
1  0.0  54.37645639178767  6.97013734771432  5.652041082944731  -0.2333058008387598
2  0.0  60.509128084480956  5.344100258442294  5.656430104346744  0.06927102308975838
3  0.0  63.13349482671207  13.186963233030044  5.6565661849896465  0.05708760663817373
4  0.0  55.99549678393549  7.695089476324878  5.651635318290612  -0.2429366770378564
5  0.0  52.27686690401709  3.8422681889863064  5.656793595308713  0.026195802609520386
6  0.0  51.97513278603775  10.536753107992352  5.654563179221284  0.1609821486839358
7  0.0  59.9603041676295  5.316056475291748  5.6559732974389805  0.09983014903938651
8  0.0  64.93699280831187  99.86345393206021  5.6540892490210615  -0.17684672489040387
9  0.0  63.7826706645116  8.37314439840298  5.653362308585358  -0.19873250329640607
10  0.0  52.464605981971225  5.199474717623745  5.656595379697181  -0.05411756081464208
10
64.0
1  0.0  60.028497474732404  6.73683154687556  5.650452923262414  -0.2690385883015734
2  0.0  66.1655581888277  5.4133712815320525  5.651761263567709  -0.2399887906456545
3  0.0  68.79006101170171  13.244050839668217  5.652597313162714  -0.21941653361966706
4  0.0  61.647132102226095  7.452152799287021  5.6552614853173235  0.13422940321151627
5  0.0  57.9336604993258  3.868463991595827  5.654339133506171  -0.1686682047711389
6  0.0  57.62969596525903  10.697735256676287  5.6522664591006775  0.22778032251600133
7  0.0  65.61627746506848  5.415886624331135  5.655574544357758  0.12031863202571491
8  0.0  70.59108205733293  99.6866072071698  5.656511653020894  -0.06225688105617844
9  0.0  69.43603297309696  8.174411895106573  5.656581997618052  0.055498686681623666
10  0.0  58.121201361668405  5.145357156809102  5.6534540980683765  -0.19610395466153513
10
65.0
1  0.0  65.67895039799481  6.467792958573987  5.656591372599097  -0.05453479107431511
2  0.0  71.81731945239541  5.173382490886398  5.650060102160744  0.2771657301531908
3  0.0  74.44265832486442  13.02463430604855  5.652662228234825  0.2177377631172568
4  0.0  67.30239358754342  7.5863822024985375  5.653785721355767  -0.1862981937477386
5  0.0  63.58799963283197  3.699795786824688  5.653871588364709  0.1836737931289181
6  0.0  63.28196242435971  10.925515579192288  5.6500414698519945  0.2775452917141916
7  0.0  71.27185200942624  5.536205256356849  5.653378483646986  -0.19827183520941907
8  0.0  76.24759371035383  99.62435032611363  5.654823518402066  0.1515617884788136
9  0.0  75.092614970715  8.229910581788197  5.656807127773012  -0.02308937366993637
10  0.0  63.77465545973678  4.949253202147567  5.6562517565266015  0.08255947425798452
10
66.0
1  0.0  71.3355417705939  6.413258167499672  5.656715446492169  0.039627735450864496
2  0.0  77.46737955455615  5.450548221039589  5.656789341103608  0.027098899915554264
3  0.0  80.09532055309926  13.242372069165807  5.656234105455245  -0.08376003990517285
4  0.0  72.95617930889918  7.400084008750799  5.6562914112159985  -0.0797964372898684
5  0.0  69.24187122119667  3.8834695799536063  5.651350043372055  -0.2494848437855575
6  0.0  68.9320038942117  11.20306087090648  5.650451253735019  -0.26907365007438255
7  0.0  76.92523049307323  5.33793342114743  5.65684890178033  0.007778330584313408
8  0.0  81.9024172287559  99.77591211459244  5.655791952389628  -0.10962386275230043
9  0.0  80.74942209848801  8.20682120811826  5.651610870687614  0.24350475626896806
10  0.0  69.43090721626338  5.0318126764055515  5.650243625474166  0.2733989260925797
10
67.0
1  0.0  76.99225721708608  6.452885902950536  5.653278081789197  0.20111422118265299
2  0.0  83.12416889565975  5.477647120955143  5.6508068061455  -0.26150036256134945
3  0.0  85.7515546585545  13.158612029260635  5.650080699397753  0.27674553346532715
4  0.0  78.61247072011518  7.320287571460931  5.656233071974155  -0.08382980082187164
5  0.0  74.89322126456872  3.6339847361680486  5.6550444501743495  -0.14308132845455387
6  0.0  74.58245514794672  10.933987220832098  5.6506019094329405  0.26589107001328627
7  0.0  82.58207939485357  5.345711751731744  5.656634529132058  0.049857836204012886
8  0.0  87.55820918114553  99.66628825184014  5.656845396494101  -0.010008004971721631
9  0.0  86.40103296917563  8.450325964387229  5.651615679604762  -0.24339311832017846
10  0.0  75.08115084173754  5.305211602498131  5.656853316505045  -0.003248929961900696
10
68.0
1  0.0  82.64553529887527  6.654000124133189  5.651062327935347  0.2559190610134187
2  0.0  88.77497570180525  5.216146758393793  5.651625399561108  -0.24316731490019092
3  0.0  91.40163535795224  13.435357562725962  5.655053854232103  -0.14270916485863433
4  0.0  84.26870379208934  7.236457770639059  5.651131570188762  -0.25438548782491444
5  0.0  80.54826571474307  3.490903407713495  5.653531959419848  0.1938462891530403
6  0.0  80.23305705737965  11.199878290845383  5.654684551303521  0.1566608606171319
7  0.0  88.23871392398563  5.395569587935757  5.653689727894713  -0.1891889550100951
8  0.0  93.21505457763963  99.65628024686842  5.654352149534398  0.1682312963029192
9  0.0  92.05264864878039  8.206932846067051  5.653690814721198  -0.18915647368561916
10  0.0  80.73800415824259  5.301962672536231  5.6563009634137575  0.07911644130409677
10
69.0
1  0.0  88.29659762681062  6.909919185146608  5.650857391446393  0.2604049568186437
2  0.0  94.42660110136636  4.972979443493602  5.65207394352522  -0.23250835882455326
3  0.0  97.05668921218435  13.292648397867326  5.650622055671624  0.26546258485407537
4  0.0  89.9198353622781  6.982072282814144  5.656800097858438  0.02475182556486136
5  0.0  86.20179767416292  3.684749696866535  5.650627530413407  -0.26534602415357156
6  0.0  85.88774160868317  11.356539151462515  5.6547181084993925  -0.1554448886552871
7  0.0  93.89240365188034  5.206380632925662  5.656254338306253  0.08238240341057448
8  0.0  98.86940672717404  99.82451154317134  5.654441373698413  0.1652051797239711
9  0.0  97.70633946350159  8.017776372381432  5.652275821943105  -0.22754786898016932
10  0.0  86.39430512165634  5.381079113840327  5.655422602498511  -0.1272603125447711
10
70.0
1  0.0  93.94745501825702  7.170324141965251  5.655657425041646  -0.11635759782391236
2  0.0  0.0786750448915825  4.740471084669049  5.65270537977863  0.216614610360801
3  0.0  2.707311267855971  13.558110982721402  5.656658447427085  0.047066008454350224
4  0.0  95.57663546013654  7.006824108379005  5.655514229561235  0.12312107549243748
5  0.0  91.85242520457632  3.4194036727129635  5.64995137284707  -0.2793733782297961
6  0.0  91.54245971718257  11.201094262807228  5.651674693475306  -0.24201892308414277
7  0.0  99.5486579901866  5.288763036336237  5.650681775023103  0.26418833702826955
8  0.0  4.523848100872456  99.98971672289531  5.652020484653354  0.23380427938532147
9  0.0  3.3586152854446993  7.790228503401263  5.6541075162608445  -0.17626172177375987
10  0.0  92.04972772415485  5.253818801295556  5.650069844662126  0.2769670565964808
10
71.0
1  0.0  99.60311244329867  7.053966544141339  5.65264754308677  -0.2181186686993131
2  0.0  5.7313804246702125  4.95708569502985  5.6567058173573175  0.040979212729254574
3  0.0  8.363969715283055  13.605176991175753  5.6554053424958  -0.12802504469827072
4  0.0  1.2321496896977777  7.129945183871443  5.656441525021384  -0.06833208626836663
5  0.0  97.50237657742339  3.1400302944831675  5.654616304887048  -0.15910513664106346
6  0.0  97.19413441065787  10.959075339723086  5.653313669836933  -0.2001113450928509
7  0.0  5.1993397652097  5.552951373364506  5.655420446251196  -0.12735609967299605
8  0.0  10.17586858552581  0.2235210022806342  5.656853955189367  -0.0018247351706248043
9  0.0  9.012722801705543  7.613966781627503  5.652277608658998  -0.22750348272532608
10  0.0  97.69979756881698  5.530785857892036  5.652940821145723  0.2103807800735208
10
72.0
1  0.0  5.255759986385442  6.835847875442026  5.650635514929723  0.26517593671929396
2  0.0  11.38808624202753  4.998064907759105  5.655483404839264  0.12452894277122555
3  0.0  14.019375057778856  13.477151946477482  5.6541023654865095  -0.17642687040209906
4  0.0  6.8885912147191615  7.061613097603076  5.650562366161016  -0.26673009977286327
5  0.0  3.1569928823104334  2.980925157842104  5.650208308328047  -0.27412783970391863
6  0.0  2.8474480804948  10.758963994630236  5.652844498442893  -0.2129532259063432
7  0.0  10.854760211460896  5.42559527369151  5.653132374616654  0.20516908895121255
8  0.0  15.832722540715178  0.2216962671100094  5.651760493798786  0.24000691809888314
9  0.0  14.665000410364541  7.386463298902177  5.6565498676420285  0.05868215128101987
10  0.0  3.3527383899626955  5.7411666379655575  5.656532267835387  0.06035480873199379
10
73.0
1  0.0  10.906395501315165  7.10102381216132  5.656194442219933  0.08639694323527188
2  0.0  17.043569646866793  5.12259385053033  5.656460534674371  -0.06673994060050953
3  0.0  19.673477423265364  13.300725076075382  5.655961122972329  -0.10051753790068459
4  0.0  12.539153580880178  6.7948829978302125  5.653006450797742  0.20860984454033685
5  0.0  8.80720119063848  2.706797318138185  5.656742571746606  0.03554542150005634
6  0.0  8.500292578937692  10.546010768723892  5.656094745433791  0.09269428610366731
7  0.0  16.50789258607755  5.630764362642722  5.6552277728076525  -0.13564231517119188
8  0.0  21.484483034513964  0.46170318520889253  5.651552569149664  -0.24485415687272863
9  0.0  20.32155027800657  7.445145450183197  5.656854026005854  -0.00159011363734301
10  0.0  9.009270657798083  5.801521446697551  5.655812172698866  -0.10857562871728531
10
74.0
1  0.0  16.562589943535098  7.187420755396592  5.655779547505903  0.11026200621238141
2  0.0  22.700030181541162  5.05585390992982  5.654570934373975  -0.1607095147558325
3  0.0  25.329438546237693  13.200207538174698  5.656794647455249  0.025967605235474304
4  0.0  18.192160031677922  7.00349284237055  5.65683689161835  0.014013622860438134
5  0.0  14.463943762385085  2.742342739638241  5.656192540763085  -0.08652133734553177
6  0.0  14.156387324371483  10.63870505482756  5.650890619440033  0.25968289725093596
7  0.0  22.1631203588852  5.49512204747153  5.656733414995674  0.03697393232238248
8  0.0  27.13603560366363  0.2168490283361639  5.656747055525111  0.034824557542237775
9  0.0  25.97840430401242  7.443555336545853  5.65684040650878  -0.012514603054137818
10  0.0  14.66508283049695  5.692945817980266  5.651449501223557  -0.2472216315778934
10
75.0
1  0.0  22.218369491041003  7.297682761608973  5.650731262108176  -0.26312773216330526
2  0.0  28.354601115915138  4.895144395173988  5.6503856940356165  0.27044686841904814
3  0.0  30.986233193692943  13.226175143410172  5.65572787352977  0.11288144479253821
4  0.0  23.848996923296273  7.017506465230988  5.6561356747799545  0.09016223423108344
5  0.0  20.120136303148172  2.6558214022927094  5.652973300244342  0.20950624507307403
6  0.0  19.807277943811517  10.898387952078496  5.650263499943998  0.2729878773876339
7  0.0  27.819853773880876  5.532095979793913  5.650944947913736  0.25849796062683794
8  0.0  32.79278265918874  0.25167358587840166  5.651145156139075  0.2540834985706359
9  0.0  31.635244710521203  7.431040733491716  5.655624755302665  0.11793484306043382
10  0.0  20.316532331720506  5.445724186402372  5.656281898634828  0.08046790152607662
10
76.0
1  0.0  27.869100753149176  7.034555029445668  5.656836393744234  0.01421317736428869
2  0.0  34.00498680995075  5.165591263593036  5.652140823402411  0.2308768338918645
3  0.0  36.64196106722271  13.33905658820271  5.656498901312826  -0.06340488503908244
4  0.0  29.505132598076226  7.107668699462072  5.65062104183376  0.2654841644723685
5  0.0  25.773109603392513  2.8653276473657834  5.655071572365868  0.14200532179976139
6  0.0  25.457541443755517  11.171375829466129  5.652239628685793  -0.22844513545682793
7  0.0  33.47079872179461  5.7905939404207505  5.655160894134491  -0.13840253412413034
8  0.0  38.44392781532781  0.5057570844490376  5.656804393430611  -0.023749830823885574
9  0.0  37.29086946582387  7.54897557655215  5.654940816476685  0.14712023024052387
10  0.0  25.972814230355333  5.5261920879284485  5.6501576033838266  0.27517095944878106
10
77.0
1  0.0  33.52593714689341  7.048768206809957  5.656725190940548  0.03821144041616252
2  0.0  39.65712763335316  5.396468097484901  5.6544194735047695  0.1659530585740255
3  0.0  42.29845996853554  13.275651703163629  5.656561208492196  -0.05757859481899517
4  0.0  35.15575363990999  7.373152863934441  5.649949517557455  -0.2794108964452078
5  0.0  31.428181175758382  3.0073329691655446  5.654910201518725  0.14829232198420486
6  0.0  31.109781072441308  10.9429306940093  5.655700735756266  -0.1142330406057272
7  0.0  39.1259596159291  5.6521914062966205  5.656121798844007  -0.09102854849792161
8  0.0  44.10073220875842  0.48200725362515195  5.655005859124525  0.1445985244299295
9  0.0  42.945810282300556  7.696095806792673  5.654194176702982  -0.17345954034906022
10  0.0  31.622971833739157  5.8013630473772295  5.65647852143315  0.06519767300660444
10
78.0
1  0.0  39.18266233783396  7.086979647226119  5.650635478290876  0.2651767174555549
2  0.0  45.31154710685793  5.562421156058926  5.654973382682421  -0.14586309044225582
3  0.0  47.95502117702773  13.218073108344633  5.655870217802062  -0.10550866968963403
4  0.0  40.80570315746744  7.093741967489233  5.65480774593239  -0.15214912600167305
5  0.0  37.08309137727711  3.1556252911497493  5.653258015645297  -0.20167748645355432
6  0.0  36.76548180819758  10.828697653403573  5.6563564069835275  0.07504796583788784
7  0.0  44.7820814147731  5.561162857798699  5.65545443361834  -0.12583778950167765
8  0.0  49.755738067882945  0.6266057780550814  5.6500269984826454  -0.2778397315310014
9  0.0  48.600004459003536  7.522636266443613  5.651606121181148  -0.24361496470416616
10  0.0  37.27945035517231  5.866560720383834  5.652202031586583  -0.2293734817465247
10
79.0
1  0.0  44.83329781612483  7.352156364681674  5.656777036677791  0.02955600302610248
2  0.0  50.96652048954035  5.4165580656166705  5.655690949313272  -0.11471654569397541
3  0.0  53.61089139482979  13.112564438655  5.654620602376988  0.15895232987828134
4  0.0  46.46051090339983  6.9415928414875605  5.653665126845371  0.18992270399441383
5  0.0  42.736349392922406  2.953947804696195  5.650864594834564  0.2602485943193937
6  0.0  42.421838215181104  10.90374561924146  5.655652944960239  0.116575152423584
7  0.0  50.43753584839144  5.435325068297021  5.6556339513865375  0.11749301223437135
8  0.0  55.40576506636559  0.34876604652408005  5.654153959912758  -0.17476555038937736
9  0.0  54.25161058018468  7.279021301739447  5.656212495725258  -0.08520682602627967
10  0.0  42.93165238675889  5.63718723863731  5.65638944770427  0.07251493570158887
10
80.0
1  0.0  50.49007485280262  7.3817123677077765  5.653194994051358  -0.20343637637532305
2  0.0  56.622211438853626  5.301841519922695  5.651479058823516  0.24654502160719602
3  0.0  59.26551199720678  13.271516768533282  5.654991902947506  -0.14514330021798325
4  0.0  52.1141760302452  7.1315155454819745  5.656366926185023  0.07425090141021087
5  0.0  48.38721398775697  3.2141963990155884  5.653827564365041  -0.18502397797609263
6  0.0  48.07749116014134  11.020320771665045  5.654492205835305  0.16345609241566392
7  0.0  56.09316979977798  5.5528180805313925  5.656847356590687  0.008830868188576344
8  0.0  61.05991902627835  0.1740004961347027  5.650142328477402  0.2754844241476882
9  0.0  59.90782307590994  7.193814475713167  5.654814574831647  -0.15189510943939255
10  0.0  48.58804183446316  5.709702174338899  5.656829247039579  0.01681873472212422
10
81.0
1  0.0  56.14326984685398  7.178275991332454  5.654826391741671  -0.151454545200617
2  0.0  62.273690497677144  5.548386541529891  5.654963535820236  0.1462443453386043
3  0.0  64.92050390015429  13.126373468315299  5.655352606823467  -0.13033377342440533
4  0.0  57.77054295643022  7.205766446892185  5.653663282548278  0.18997759753577537
5  0.0  54.04104155212201  3.0291724210394957  5.656853895823386  -0.0020003269240018284
6  0.0  53.731983365976646  11.18377686408071  5.655735202709846  -0.1125136295238042
7  0.0  61.75001715636867  5.561648948719969  5.649913001700681  0.2801483057482352
8  0.0  66.71006135475575  0.4494849202823909  5.656851959049197  0.005090520728472024
9  0.0  65.56263765074158  7.041919366273775  5.656226925042171  0.08424353048164
10  0.0  54.244871081502744  5.726520909061023  5.656574028084094  -0.056305104604394994
10
82.0
1  0.0  61.798096238595654  7.026821446131836  5.654606188732536  0.15946426040891815
2  0.0  67.92865403349738  5.694630886868495  5.653570747873134  -0.1927116986413347
3  0.0  70.57585650697776  12.996039694890893  5.649968864852968  0.2790194011033817
4  0.0  63.4242062389785  7.3957440444279605  5.655888761237482  -0.10450990626526954
5  0.0  59.6978954479454  3.027172094115494  5.65271993560091  -0.2162344321796822
6  0.0  59.387718568686495  11.071263234556906  5.654560060527083  0.1610916568043052
7  0.0  67.39993015806935  5.841797254468204  5.656580852120512  0.05561531644776201
8  0.0  72.36691331380494  0.45457544101086295  5.656157281393828  0.08879644213371321
9  0.0  71.21886457578375  7.126162896755415  5.6560171396546135  -0.09731452067016057
10  0.0  59.90144510958684  5.670215804456627  5.652682492144067  0.21721105636674942
10
83.0
1  0.0  67.45270242732819  7.186285706540755  5.650247929167587  0.2733099686024039
2  0.0  73.58222478137051  5.50191918822716  5.65560463793622  0.1188956658349696
3  0.0  76.22582537183072  13.275059095994274  5.652588947627653  0.21963194020387952
4  0.0  69.08009500021598  7.291234138162691  5.652768546165017  0.21495991134970494
5  0.0  65.35061538354631  2.8109376619358115  5.6529262240450135  -0.21077263936339383
6  0.0  65.04227862921358  11.232354891361211  5.651036539154867  -0.25648788107157333
7  0.0  73.05651101018987  5.897412570915966  5.655767268175965  0.11089007272694017
8  0.0  78.02307059519877  0.5433718831445762  5.656607855509815  -0.05279743350463748
9  0.0  76.87488171543836  7.0288483760852545  5.652988769661336  -0.2090884264679373
10  0.0  65.55412760173091  5.887426860823377  5.654602603099791  -0.1595913563357917
10
84.0
1  0.0  73.10295035649578  7.4595956751431585  5.656836081990672  0.014336718190800686
2  0.0  79.23782941930673  5.62081485406213  5.655980323653144  -0.09943127500186834
3  0.0  81.87841431945837  13.494691036198153  5.655106725252378  -0.1405984566250399
4  0.0  74.732863546381  7.506194049512397  5.650370654791735  -0.27076089722935887
5  0.0  71.00354160759133  2.6001650225724178  5.655755944203756  0.11146613657923785
6  0.0  70.69331516836846  10.975867010289639  5.656842434469248  0.011561642963999436
7  0.0  78.71227827836583  6.008302643642907  5.65649794519459  -0.06349012529034788
8  0.0  83.6796784507086  0.4905744496399387  5.655813032450683  -0.10853083414879067
9  0.0  82.5278704850997  6.819759949617318  5.656576404102954  0.05606589467508411
10  0.0  71.2087302048307  5.727835504487585  5.654561448846275  0.16104291732807008
10
85.0
1  0.0  78.75978643848646  7.473932393333959  5.656582545522981  0.05544281454636851
2  0.0  84.89380974295987  5.521383579060261  5.651926460497508  0.23606627274587308
3  0.0  87.53352104471075  13.354092579573113  5.656367577524961  0.07420126632625704
4  0.0  80.38323420117273  7.235433152283038  5.656797467846811  0.025345764181306848
5  0.0  76.65929755179509  2.7116311591516555  5.656670115366635  -0.045642150672774384
6  0.0  76.35015760283771  10.987428653253637  5.656703678824324  -0.04127335672507765
7  0.0  84.36877622356042  5.944812518352559  5.650946508962913  -0.25846383275008933
8  0.0  89.33549148315927  0.382043615491148  5.6555374998006185  -0.12204748399288262
9  0.0  88.18444688920265  6.875825844292402  5.650809974397103  -0.26143189027783037
10  0.0  76.86329165367698  5.8888784218156545  5.656491507706159  -0.06406108996987028
10
86.0
1  0.0  84.41636898400944  7.529375207880327  5.6551643174246236  0.13826258686777448
2  0.0  90.54573620345738  5.757449851806134  5.656724138733468  0.03836689028478916
3  0.0  93.18988862223571  13.42829384589937  5.653335798701069  -0.1994852052783795
4  0.0  86.04003166901954  7.260778916464345  5.652312168074958  -0.22664323204497583
5  0.0  82.31596766716173  2.6659890084788813  5.654573467632552  0.1606203571967044
6  0.0  82.00686128166204  10.94615529652856  5.6567131398181445  0.03995564802064569
7  0.0  90.01972273252333  5.68634868560247  5.655559077617824  -0.12104346151121562
8  0.0  94.99102898295989  0.2599961314982654  5.6523312513042105  -0.22616680908082948
9  0.0  93.83525686359975  6.614393954014572  5.650203428634395  -0.27422839941945265
10  0.0  82.51978316138315  5.824817331845784  5.651202677207572  -0.2528009120276175
10
87.0
1  0.0  90.07153330143406  7.667637794748101  5.656784887018001  -0.028013246952346756
2  0.0  96.20246034219085  5.795816742090923  5.652888543377612  0.21178082101588447
3  0.0  98.84322442093678  13.22880864062099  5.6525072563542444  -0.22172441647826313
4  0.0  91.6923438370945  7.034135684419368  5.653943927385513  -0.18143336512478248
5  0.0  87.97054113479427  2.8266093656755857  5.654783046175584  -0.15306436778429514
6  0.0  87.66357442148018  10.986110944549205  5.656602440702514  -0.053374411831557646
7  0.0  95.67528181014116  5.565305224091254  5.650173040703351  0.27485379769806956
8  0.0  0.6433602342640938  0.033829322417435914  5.654807868283259  -0.15214457861443065
9  0.0  99.48546029223415  6.340165554595119  5.656765068463808  -0.031764133982822206
10  0.0  88.17098583859072  5.5720164198181665  5.656441111997664  0.0683662672863195
10
88.0
1  0.0  95.72831818845206  7.639624547795754  5.6565626204791695  0.05743971272479762
2  0.0  1.8553488855684606  6.007597563106808  5.652499516183973  -0.22192165180525567
3  0.0  4.495731677291019  13.007084224142726  5.65369914685313  -0.18890727056468093
4  0.0  97.34628776448001  6.852702319294586  5.653452494473784  0.1961501790164017
5  0.0  93.62532418096986  2.6735449978912906  5.652205577495795  -0.2292860870734645
6  0.0  93.32017686218269  10.932736532717648  5.653379148035592  -0.1982528904111235
7  0.0  1.3254548508445083  5.840159021789324  5.652434576354152  0.2235695865632493
8  0.0  6.298168102547353  99.881684743803  5.6567212433750935  0.0387914262299974
9  0.0  5.142225360697964  6.308401420612297  5.656100305345314  -0.0923544036453017
10  0.0  93.82742695058839  5.640382687104486  5.65685422554766  5.204840203218701E-4
10
89.0
1  0.0  1.3848808089312286  7.697064260520552  5.650643544439354  0.26500478049637266
2  0.0  7.507848401752433  5.785675911301552  5.654334761293966  0.16881471269627724
3  0.0  10.149430824144149  12.818176953578046  5.652415734815046  -0.22404544363875864
4  0.0  2.9997402589537927  7.048852498310988  5.656552760082812  -0.058402674592376684
5  0.0  99.27752975846565  2.444258910817826  5.65543738393977  0.12660172327627173
6  0.0  98.97355601021829  10.734483642306525  5.654143032623595  0.175118721540736
7  0.0  6.977889427198661  6.063728608352573  5.655963301474253  -0.10039488222252378
8  0.0  11.954889345922446  99.920476170033  5.655707122358355  -0.11391639963146699
9  0.0  10.798325666043278  6.2160470169669955  5.656811814097623  0.021911181747683108
10  0.0  99.48428117613605  5.640903171124807  5.6564446702379625  0.06807123134311789
10
90.0
1  0.0  7.035524353370582  7.962069041016925  5.656393773263782  0.07217673990132459
2  0.0  13.1621831630464  5.954490623997829  5.650445186935652  -0.2692010204953652
3  0.0  15.801846558959195  12.594131509939288  5.656816550302428  0.020652269234897862
4  0.0  8.656293019036605  6.9904498237186115  5.652082293890414  0.23230527994538627
5  0.0  4.932967142405417  2.570860634094098  5.656569759616064  0.05673230646724006
6  0.0  4.627699042841883  10.909602363847261  5.651561231446304  0.24465413794405072
7  0.0  12.633852728672913  5.963333726130049  5.656455636418366  0.06715380280297639
8  0.0  17.6105964682808  99.80655977040153  5.655797270403009  -0.10934914769623805
9  0.0  16.455137480140902  6.237958198714678  5.656722172104275  0.03865575796589654
10  0.0  5.140725846374011  5.708974402467925  5.652830469080839  0.2133253098704741
10
91.0
1  0.0  12.691918126634365  8.03424578091825  5.6512659981375934  -0.2513814199458287
2  0.0  18.812628349982052  5.685289603502464  5.655550740380994  0.12143238026170189
3  0.0  21.45866310926162  12.614783779174186  5.654479554931046  0.16389314466077531
4  0.0  14.30837531292702  7.222755103663998  5.651065228672037  -0.2558550005254571
5  0.0  10.58953690202148  2.627592940561338  5.654683225760828  0.15670869886237346
6  0.0  10.279260274288188  11.154256501791313  5.654957071900189  0.14649407826271957
7  0.0  18.290308365091278  6.030487528933025  5.653252502231896  0.20183197469383
8  0.0  23.26639373868381  99.6972106227053  5.65624708855053  -0.08287866591393293
9  0.0  22.111859652245176  6.276613956680575  5.655524489109437  0.12264890168062664
10  0.0  10.79355631545485  5.9222997123384  5.6555290885275245  -0.1224366318511289
10
92.0
1  0.0  18.34318412477196  7.782864360972421  5.656102666418217  -0.09220969003751497
2  0.0  24.468179090363044  5.806721983764166  5.652964212732827  -0.20975130407690626
3  0.0  27.11314266419267  12.778676923834961  5.656795487884286  0.02578387581401894
4  0.0  19.959440541599058  6.96690010313854  5.655483588088419  0.12452062023039963
5  0.0  16.24422012778231  2.7843016394237114  5.6554361742924435  0.12665574801198784
6  0.0  15.934217346188376  11.300750580054032  5.6568355583483845  0.014541863887689578
7  0.0  23.943560867323175  6.232319503626855  5.656840579526433  -0.012436149848299567
8  0.0  28.92264082723434  99.61433195679136  5.652344801751358  -0.2258279037551026
9  0.0  27.76738414135461  6.399262858361202  5.652118042550838  -0.2314338632769703
10  0.0  16.449085403982373  5.79986308048727  5.652734349785611  -0.2158572925658869
10
93.0
1  0.0  23.999286791190176  7.690654670934906  5.653248233650974  -0.2019515009160136
2  0.0  30.12114330309587  5.596970679687259  5.655772933743651  -0.1106007320625025
3  0.0  32.76993815207695  12.80446079964898  5.656788254854406  -0.027324709353444127
4  0.0  25.614924129687477  7.09142072336894  5.651758824051639  -0.2400462346183685
5  0.0  21.899656302074753  2.9109573874356993  5.656415203008305  -0.07047730965736768
6  0.0  21.59105290453676  11.315292443941722  5.65289039415695  -0.21173141393776426
7  0.0  29.60040144684961  6.219883353778556  5.656370783488804  -0.07395647161846991
8  0.0  34.5749856289857  99.38850405303626  5.654711376070432  -0.1556896057534297
9  0.0  33.41950218390545  6.167828995084232  5.650041709889494  0.27754040518280304
10  0.0  22.101819753767984  5.584005787921384  5.650628866883376  -0.2653175620729232
10
94.0
1  0.0  29.65253502484115  7.488703170018892  5.652589882510745  0.21960787813111826
2  0.0  35.77691623683952  5.486369947624756  5.651965332324749  0.23513375384919938
3  0.0  38.42672640693136  12.777136090295537  5.656844441263431  -0.010534103997125075
4  0.0  31.266682953739117  6.851374488750571  5.655191385547219  0.13715098553254831
5  0.0  27.556071505083057  2.8404800777783317  5.649956683776292  0.2792659511140506
6  0.0  27.243943298693708  11.103561030003958  5.654891309297424  0.14901100641385107
7  0.0  35.25677223033841  6.1459268821600865  5.6548746648164805  -0.14964132188905613
8  0.0  40.22969700505613  99.23281444728283  5.6548371209831405  0.15105341820405094
9  0.0  39.06954389379494  6.445369400267035  5.656577332290275  -0.05597217004780347
10  0.0  27.75244862065136  5.318688225848461  5.656355523771788  0.07511450390173229
10
95.0
1  0.0  35.305124907351896  7.70831104815001  5.656028721755549  0.09663901218652309
2  0.0  41.42888156916427  5.721503701473956  5.654559157330458  -0.16112335724620142
3  0.0  44.08357084819479  12.766601986298411  5.656368929412181  0.07409814019599774
4  0.0  36.92187433928633  6.9885254742831195  5.653976879477603  -0.18040356518854692
5  0.0  33.20602818885935  3.1197460288923824  5.65684843751668  -0.008108943526846971
6  0.0  32.898834607991134  11.252572036417808  5.655112032250679  -0.14038483783371158
7  0.0  40.911646895154895  5.996285560271031  5.655926018872143  -0.10247374807780285
8  0.0  45.88453412603927  99.38386786548689  5.655928352315672  0.10234487516117559
9  0.0  44.72612122608522  6.389397230219232  5.654557829958096  0.16116993410562572
10  0.0  33.40880414442315  5.393802729750193  5.650229246614403  0.27369592745099186
10
96.0
1  0.0  40.96115362910744  7.804950060336534  5.656698109499733  -0.04202972736330577
2  0.0  47.08344072649473  5.560380344227754  5.656848181790978  0.00828541900766895
3  0.0  49.73993977760697  12.84070012649441  5.650932129904996  0.25877801917354865
4  0.0  42.57585121876394  6.808121909094573  5.656140892316207  -0.08983432678241147
5  0.0  38.86287662637603  3.1116370853655355  5.6532120469920635  -0.2029619465413011
6  0.0  38.55394664024181  11.112187198584097  5.653810643969573  -0.18554029787723303
7  0.0  46.56757291402704  5.893811812193228  5.656831419572943  -0.016071419737019678
8  0.0  51.54046247835494  99.48621274064807  5.650926304638427  -0.2589051941261924
9  0.0  50.38067905604331  6.550567164324858  5.6557881572781925  -0.10981948821483174
10  0.0  39.05903339103755  5.667498657201184  5.6526782254833146  0.2173220631846454
10
97.0
1  0.0  46.61785173860718  7.762920332973228  5.6568485904755645  -0.008001527023881233
2  0.0  52.740288908285706  5.5686657632354235  5.656791651011178  0.026612347702758363
3  0.0  55.390871907511965  13.099478145667959  5.656706275681071  0.04091589752654319
4  0.0  48.231992111080146  6.718287582312161  5.655123111283341  -0.13993782987113929
5  0.0  44.51608867336809  2.9086751388242345  5.65455175904258  0.16138278814203866
6  0.0  44.20775728421138  10.926646900706864  5.655601977690164  -0.11902214057524098
7  0.0  52.224404333599985  5.877740392456208  5.656027690564345  -0.09669934627163444
8  0.0  57.191388782993364  99.22730754652189  5.654255096613744  0.17146224779095115
9  0.0  56.03646721332151  6.440747676110026  5.6512128161043655  0.2525741615799102
10  0.0  44.711711616520866  5.88482072038583  5.656478730474702  0.06517953426752252
10
98.0
1  0.0  52.27470032908274  7.754918805949346  5.656847976603319  -0.008424345614442766
2  0.0  58.39708055929688  5.595278110938182  5.652381863825589  0.22489834480401263
3  0.0  61.04757818319304  13.140394043194503  5.65589290600293  -0.10428535767660913
4  0.0  53.88711522236349  6.578349752441022  5.65684367221402  -0.010939293040528238
5  0.0  50.170640432410664  3.070057926966273  5.656853160811393  0.0035095609663407805
6  0.0  49.86335926190155  10.807624760131622  5.656786125506888  -0.0277620293346504
7  0.0  57.88043202416433  5.781041046184574  5.656836390597237  0.014214429810045276
8  0.0  62.84564387960711  99.39876979431284  5.655493413829199  -0.12407355130960258
9  0.0  61.68768002942588  6.693321837689936  5.656147377867396  0.08942505154487279
10  0.0  50.36819034699557  5.950000254653352  5.656628075326417  -0.05058475490686351
10
99.0
1  0.0  57.93154830568606  7.746494460334904  5.65261963106179  -0.21884082465337118
2  0.0  64.04946242312246  5.820176455742194  5.656734136016371  0.03686345652743713
3  0.0  66.70347108919597  13.036108685517894  5.656432876740633  -0.06904426788442336
4  0.0  59.543958894577514  6.567410459400493  5.655468626117347  0.12519831868834852
5  0.0  55.82749359322206  3.0735674879326136  5.655475087656774  -0.1249060963028904
6  0.0  55.52014538740844  10.779862730796971  5.651109222921782  0.2548814442213733
7  0.0  63.53726841476156  5.795255475994619  5.656844723039085  0.010381686994962076
8  0.0  68.50113729343632  99.27469624300323  5.65405258983484  0.17801491898705102
9  0.0  67.34382740729328  6.782746889234809  5.656263710681791  0.08173637638339451
10  0.0  56.024818422321985  5.899415499746488  5.653536876924746  -0.19370281684067994
10
100.0
1  0.0  63.584167936747846  7.527653635681532  5.651402233059  0.24829981912164345
2  0.0  69.70619655913883  5.857039912269632  5.650841349201823  0.26075284495274703
3  0.0  72.35990396593661  12.96706441763347  5.655784486670368  0.11000836485836837
4  0.0  65.19942752069485  6.692608778088842  5.6512231400313535  0.25234306325754097
5  0.0  61.482968680878834  2.9486613916297233  5.655582752571753  -0.11993218422481455
6  0.0  61.17125461033022  11.034744175018345  5.6555921826294195  0.1194866677960364
7  0.0  69.19411313780064  5.805637162989581  5.6520826719894  0.23229608046018513
8  0.0  74.15518988327115  99.45271116199028  5.650241952394671  -0.27343350087229984
9  0.0  73.00009111797506  6.864483265618204  5.653775044237105  -0.1866219418014486
10  0.0  61.67835529924673  5.7057126829058085  5.6561010567307335  -0.09230837475280006
10
101.0
1  0.0  69.23557016980685  7.775953454803176  5.654312146376527  0.1695704907670299
2  0.0  75.35703790834066  6.117792757222379  5.6537075766318825  0.18865481158791114
3  0.0  78.01568845260698  13.077072782491838  5.656821267678441  -0.01931697545873647
4  0.0  70.8506506607262  6.944951841346383  5.65301249461811  0.208446001860317
5  0.0  67.13855143345059  2.828729207404909  5.656242693750257  0.08317805838601113
6  0.0  66.82684679295964  11.15423084281438  5.656736436374365  -0.03650875778021945
7  0.0  74.84619580979005  6.037933243449766  5.65643793253565  -0.06862882318551117
8  0.0  79.80543183566581  99.17927766111798  5.656605681782458  -0.05302981073360399
9  0.0  78.65386616221217  6.677861323816755  5.654924669898308  -0.14773956063133917
10  0.0  67.33445635597747  5.613404308153008  5.652296930272085  0.22702293284334235
