10
0.0
1  0.0  7.207751922500183  3.951921048285109  5.172806290975424  2.2895578341778324
2  0.0  6.996779170774937  2.8722607288508217  5.277047554636688  2.0378344157715453
3  0.0  5.655665084564956  8.652185572097785  1.9690455860471918  5.3030990449046
4  0.0  5.26850272433634  7.473090718565377  0.6219167384287476  5.622563434098557
5  0.0  5.113112212016891  2.8987350008794976  4.957716777501846  2.7241593848519075
6  0.0  7.47751813346678  1.7696061734179391  3.5555564302817957  4.39977482049727
7  0.0  9.696464948489757  4.045392685881238  5.4213963540986425  1.615073240372075
8  0.0  3.1204773806817956  3.793789756759569  5.395827487370583  1.6985422357233482
9  0.0  6.35615508110396  1.6694535270656785  4.2651331805302455  3.7159977061806644
10  0.0  5.207416793073115  7.18311131241379  0.832551546854473  5.59525315976232
10
1.0
1  0.0  12.380558213475606  6.241478882462941  5.653616660742697  0.19136000985732465
2  0.0  12.273826725411626  4.9100951446223675  5.656762014108427  0.03230349423783908
3  0.0  7.6247106706121475  13.955284617002384  5.6550102853599595  0.14442531797808147
4  0.0  5.890419462765088  13.095654152663933  5.6548808423606465  0.14940769291623932
5  0.0  10.070828989518738  5.622894385731405  5.6559922439528  -0.09875088022786954
6  0.0  11.033074563748576  6.169380993915209  5.656853227942505  -0.003399634756160923
7  0.0  15.117861302588398  5.660465926253313  5.655844203804982  0.10689407039489401
8  0.0  8.516304868052378  5.492331992482917  5.65371549449004  0.18841737542818002
9  0.0  10.621288261634206  5.385451233246343  5.654920246493882  -0.14790877524195042
10  0.0  6.039968339927588  12.778364472176111  5.651946558757066  0.23558458556144699
10
2.0
1  0.0  18.0341748742183  6.432838892320265  5.652171566760318  0.23012296692467962
2  0.0  17.930588739520054  4.942398638860206  5.656781802894426  -0.028629258504037955
3  0.0  13.279720955972106  14.099709934980465  5.653453288034133  0.1961273056360319
4  0.0  11.545300305125735  13.245061845580173  5.656827236335812  0.017481940662998643
5  0.0  15.726821233471536  5.5241435055035355  5.652573398988109  -0.22003174555510643
6  0.0  16.68992779169108  6.165981359159048  5.656069167866799  -0.09424207291106611
7  0.0  20.77370550639338  5.7673599966482065  5.656846720693286  -0.00922922432321784
8  0.0  14.170020362542418  5.680749367911098  5.651919572209831  0.23623113527105136
9  0.0  16.276208508128086  5.237542458004392  5.650458430553695  0.2689228971000434
10  0.0  11.691914898684654  13.013949057737559  5.655722278553087  0.1131614239848442
10
3.0
1  0.0  23.686346440978618  6.662961859244945  5.655266445774486  -0.1340202495790035
2  0.0  23.58737054241448  4.913769380356168  5.6558648616974345  0.10579539789738868
3  0.0  18.93317424400624  14.295837240616498  5.654371255638833  -0.16758789755031236
4  0.0  17.202127541461547  13.262543786243171  5.656723257104467  0.03849665613320213
5  0.0  21.379394632459643  5.304111759948429  5.654589032124382  -0.16007147709272343
6  0.0  22.34599695955788  6.071739286247982  5.656409503903088  -0.07093323730680635
7  0.0  26.430552227086665  5.758130772324988  5.656822710157544  -0.01888983445797859
8  0.0  19.82193993475225  5.916980503182149  5.656783081856984  -0.0283754262805789
9  0.0  21.92666693868178  5.506465355104435  5.656851508871901  -0.005568354667535957
10  0.0  17.347637177237743  13.127110481722402  5.654524777348976  0.1623254211345816
10
4.0
1  0.0  29.341612886753104  6.528941609665941  5.6498770996481955  -0.28087142765133355
2  0.0  29.243235404111914  5.019564778253557  5.656637707694259  0.04949589772341078
3  0.0  24.58754549964507  14.128249343066186  5.655258881379348  -0.1343390657255397
4  0.0  22.858850798566014  13.301040442376372  5.6561696793361325  0.08800317357114254
5  0.0  27.033983664584024  5.1440402828557055  5.651175475175385  0.2534082650117597
6  0.0  28.002406463460968  6.000806048941175  5.653710744971796  0.18855983716175972
7  0.0  32.087374937244206  5.7392409378670095  5.656198400242093  0.08613743146148763
8  0.0  25.478723016609237  5.88860507690157  5.653448491241324  -0.19626552647165466
9  0.0  27.58351844755368  5.5008970004368996  5.6552805776091875  0.1334225937249916
10  0.0  23.002161954586718  13.289435902856985  5.653412554337047  -0.1972979737966612
10
5.0
1  0.0  34.9914899864013  6.248070182014608  5.655529265981678  -0.12242843470673682
2  0.0  34.89987311180617  5.069060675976967  5.652327416349306  0.22626263143963823
3  0.0  30.24280438102442  13.993910277340646  5.656379659620354  -0.07327445825885383
4  0.0  28.515020477902148  13.389043615947514  5.655484210371787  -0.12449235412427322
5  0.0  32.685159139759406  5.397448547867465  5.6567272390419685  -0.037907032073753
6  0.0  33.65611720843276  6.1893658861029355  5.655899282775015  0.10393893931091183
7  0.0  37.743573337486296  5.825378369328497  5.656748946134385  -0.034516089110902565
8  0.0  31.13217150785056  5.692339550429915  5.655016338110592  0.14418812607930565
9  0.0  33.23879902516287  5.634319594161891  5.654829894885845  -0.1513236924785856
10  0.0  28.655574508923763  13.092137929060323  5.65119821931754  0.25290054563457587
10
6.0
1  0.0  40.647019252382975  6.1256417473078715  5.654523407840559  0.1623731202607096
2  0.0  40.55220052815548  5.295323307416606  5.654242478041132  0.17187786220245876
3  0.0  35.899184040644776  13.920635819081792  5.656693632390249  -0.042628033916868285
4  0.0  34.17050468827394  13.264551261823241  5.656265288242043  0.08162713414155658
5  0.0  38.34188637880138  5.359541515793712  5.656462730206894  0.06655360080707012
6  0.0  39.31201649120778  6.2933048254138475  5.654556228128995  0.16122612358918198
7  0.0  43.40032228362068  5.790862280217595  5.65507951693186  -0.14168859226387737
8  0.0  36.78718784596116  5.83652767650922  5.6564072839665265  -0.07111004071448819
9  0.0  38.89362892004871  5.482995901683306  5.652826053481183  -0.2134422851366577
10  0.0  34.306772728241306  13.3450384746949  5.654376958667285  -0.16739536819310927
10
7.0
1  0.0  46.30154266022353  6.288014867568581  5.651727062265586  -0.24079288539076157
2  0.0  46.206443006196615  5.467201169619065  5.655960327189282  0.1005623053679044
3  0.0  41.55587767303503  13.878007785164924  5.65292877340342  -0.21070425441295443
4  0.0  39.826769976515976  13.346178395964797  5.6567102302351895  -0.04036546980466474
5  0.0  43.998349109008274  5.426095116600782  5.654185145001798  -0.17375369360397935
6  0.0  44.966572719336774  6.454530949003029  5.654810601233004  0.15204296821239385
7  0.0  49.055401800552545  5.649173687953717  5.656754864959004  -0.0335320408360885
8  0.0  42.44359512992769  5.765417635794733  5.656318040894857  0.07788594383689286
9  0.0  44.5464549735299  5.269553616546648  5.655848764705048  0.10665247669129078
10  0.0  39.96114968690859  13.17764310650179  5.653868068011817  -0.183782125127347
10
8.0
1  0.0  51.95326972248912  6.0472219821778195  5.656533656226297  0.06022454631758627
2  0.0  51.8624033333859  5.567763474986969  5.656763758049419  -0.0319966501154244
3  0.0  47.208806446438444  13.667303530751969  5.653890155196474  0.18310137348582994
4  0.0  45.48348020675117  13.305812926160133  5.653383907549373  -0.1981171215765772
5  0.0  49.65253425401007  5.252341422996802  5.65456886408263  0.16078234152823684
6  0.0  50.62138332056978  6.606573917215423  5.654188856757879  -0.17363286588384208
7  0.0  54.71215666551155  5.615641647117629  5.6567362267574754  0.0365412217857188
8  0.0  48.099913170822546  5.843303579631626  5.653544904068622  0.19346838935523747
9  0.0  50.202303738234946  5.376206093237938  5.651002925372949  0.2572274041123457
10  0.0  45.61501775492041  12.993860981374443  5.6547889227937125  0.1528471087378435
10
9.0
1  0.0  57.60980337871541  6.107446528495406  5.654270470542604  -0.1709545142718195
2  0.0  57.51916709143532  5.535766824871545  5.6548392771347284  0.1509726789004779
3  0.0  52.862696601634916  13.850404904237799  5.652761159643063  -0.21515406580127994
4  0.0  51.13686411430054  13.107695804583555  5.655564716691967  0.12077969742020263
5  0.0  55.3071031180927  5.413123764525039  5.656801980675157  0.024317718430131596
6  0.0  56.27557217732765  6.43294105133158  5.6521534801977005  -0.23056677186672261
7  0.0  60.368892892269024  5.652182868903347  5.653901143066717  0.18276176960421503
8  0.0  53.75345807489117  6.036771968986863  5.651261274213101  0.25148759527919556
9  0.0  55.853306663607896  5.633433497350284  5.655400083000269  -0.1282571682229079
10  0.0  51.26980667771412  13.146708090112286  5.653238962472715  0.20221086316124268
10
10.0
1  0.0  63.26407384925802  5.936492014223586  5.651925067683308  0.23609961730810874
2  0.0  63.17400636857005  5.6867395037720225  5.654950121611698  0.14676212755288362
3  0.0  58.51545776127798  13.63525083843652  5.654544108894881  -0.1616506126255265
4  0.0  56.79242883099251  13.228475502003757  5.654650250756887  0.15789408353409856
5  0.0  60.96390509876785  5.437441482955171  5.655495482951273  -0.12397920114992156
6  0.0  61.92772565752536  6.202374279464857  5.656746822514068  0.03486238627841099
7  0.0  66.02279403533574  5.8349446385075625  5.650976501063066  0.2578072621805463
8  0.0  59.40471934910427  6.288259564266059  5.656561460320396  0.057553849723388006
9  0.0  61.50870674660816  5.505176329127376  5.651321344247131  -0.2501340921522346
10  0.0  56.923045640186835  13.348918953273529  5.652543222032017  0.2208056227995393
10
11.0
1  0.0  68.91599891694133  6.172591631531695  5.654877490644901  0.1495344970153587
2  0.0  68.82895649018175  5.833501631324906  5.655392004258995  0.1286129004549381
3  0.0  64.17000187017285  13.473600225810992  5.656369852730734  0.07402762402585958
4  0.0  62.4470790817494  13.386369585537857  5.652053183014586  -0.2330124811564558
5  0.0  66.61940058171912  5.313462281805249  5.654783669010862  -0.1530413561364465
6  0.0  67.58447248003942  6.237236665743269  5.650893582661817  -0.2596184073433854
7  0.0  71.6737705363988  6.092751900688109  5.6554249290234955  0.12715688018975313
8  0.0  65.06128080942466  6.345813413989447  5.656842336995396  -0.011609236687118352
9  0.0  67.16002809085529  5.255042236975141  5.656851303334334  0.0057733841606882955
10  0.0  62.57558886221885  13.569724576073067  5.651089971718165  -0.25530791516594503
10
12.0
1  0.0  74.57087640758624  6.322126128547054  5.656670807116513  0.04555633782272283
2  0.0  74.48434849444075  5.962114531779844  5.65622986152694  0.08404613953618773
3  0.0  69.82637172290359  13.547627849836852  5.650445843771646  -0.2691872333595146
4  0.0  68.09913226476398  13.153357104381401  5.655384614816694  -0.12893742084684517
5  0.0  72.27418425072999  5.160420925668802  5.649961430780076  0.2791698957580901
6  0.0  73.23536606270125  5.977618258399883  5.65072591620657  0.26324251159614576
7  0.0  77.3291954654223  6.219908780877862  5.6549823034635  0.14551682897400675
8  0.0  70.71812314642006  6.334204177302328  5.654708522759393  0.15579320470507363
9  0.0  72.81687939418963  5.26081562113583  5.65570360824912  -0.1140907342333565
10  0.0  68.22667883393702  13.314416660907122  5.655048536245002  0.14291974220957518
10
13.0
1  0.0  80.22754721470275  6.367682466369777  5.652470538451902  0.22265850968078935
2  0.0  80.14057835596769  6.046160671316032  5.656753771801305  -0.033715948922129084
3  0.0  75.47681756667524  13.278440616477337  5.650937557317293  -0.2586594736345125
4  0.0  73.75451687958068  13.024419683534555  5.65245842596173  0.22296578834933345
5  0.0  77.92414568151007  5.439590821426893  5.654146561878576  0.17500473364087527
6  0.0  78.88609197890781  6.240860769996029  5.649907646639991  0.2802562834959752
7  0.0  82.9841777688858  6.365425609851869  5.65423520765049  -0.17211686891651526
8  0.0  76.37283166917945  6.4899973820074015  5.654350121642849  0.16829944110868741
9  0.0  78.47258300243875  5.146724886902473  5.6559607605454545  -0.10053792901239775
10  0.0  73.88172737018202  13.457336403116697  5.651684755518783  -0.2417838378316205
10
14.0
1  0.0  85.88001775315466  6.590340976050566  5.650813111979727  0.2613640630959027
2  0.0  85.797332127769  6.012444722393902  5.6541388868256215  -0.17525252776015185
3  0.0  81.12775512399253  13.019781142842824  5.6513200131078385  -0.25016416499338356
4  0.0  79.4069753055424  13.247385471883888  5.655175478665338  0.13780531739473972
5  0.0  83.57829224338865  5.614595555067768  5.656778155810963  0.029341028269876307
6  0.0  84.5359996255478  6.521117053492004  5.6568540243231284  -0.001596088735151217
7  0.0  88.63841297653629  6.193308740935353  5.653650594614104  0.19035481086539421
8  0.0  82.0271817908223  6.658296823116089  5.6561079244508585  -0.09188659839277681
9  0.0  84.12854376298421  5.046186957890075  5.651663295007255  0.2422849559253536
10  0.0  79.5334121257008  13.215552565285076  5.652379773448952  -0.22495087620448284
10
15.0
1  0.0  91.53083086513439  6.851705039146469  5.653538451098417  0.19365686652355482
2  0.0  91.45147101459462  5.837192194633751  5.653370310300424  0.19850474708099142
3  0.0  86.77907513710036  12.76961697784944  5.652210518651625  0.22916424861646523
4  0.0  85.06215078420774  13.385190789278628  5.654139231737236  0.17524139958883747
5  0.0  89.23507039919961  5.643936583337645  5.656781312888778  -0.028725914299399306
6  0.0  90.19285364987093  6.519520964756853  5.656047244777708  -0.09554875636303856
7  0.0  94.2920635711504  6.383663551800748  5.656765486215275  0.03168965073443207
8  0.0  87.68328971527316  6.566410224723312  5.654923654967207  -0.14777840333527825
9  0.0  89.78020705799146  5.288471913815429  5.654400413804189  0.16660120158940345
10  0.0  85.18579189914976  12.990601689080593  5.652665968679099  -0.21764063622673202
10
16.0
1  0.0  97.1843693162328  7.045361905670024  5.656493401886933  -0.06389361790976221
2  0.0  97.10484132489503  6.035696941714742  5.655559738168761  -0.12101259440448765
3  0.0  92.43128565575199  12.998781226465905  5.656844568500192  0.01046555444756984
4  0.0  90.71629001594498  13.560432188867466  5.656843998034003  0.010769489620297428
5  0.0  94.8918517120884  5.6152106690382455  5.655771252537397  -0.11068667025253894
6  0.0  95.84890089464864  6.423972208393814  5.6566902609254965  0.04307310008189932
7  0.0  99.94882905736567  6.415353202535179  5.655336864655305  0.13101506505251387
8  0.0  93.33821337024037  6.4186318213880345  5.656629573777715  -0.05041691247342466
9  0.0  95.43460747179564  5.455073115404833  5.654977813054899  0.14569122779650892
10  0.0  90.83845786782886  12.772961052853862  5.656834246191645  0.015043640297492306
10
17.0
1  0.0  2.8408627181197375  6.981468287760262  5.65617337538967  0.08776529799997532
2  0.0  2.760401063063796  5.914684347310255  5.655145153891463  0.13904419591590148
3  0.0  98.08813022425218  13.009246780913475  5.654193353533948  0.1734863707976961
4  0.0  96.37313401397898  13.571201678487764  5.654537305392058  0.1618884243222283
5  0.0  0.5476229646257877  5.504523998785706  5.654341164666867  -0.16860009950697055
6  0.0  1.5055911555741375  6.467045308475713  5.654192789224317  -0.17350476155933175
7  0.0  5.604165922020982  6.5463682675876935  5.65220624673392  0.22926958887313306
8  0.0  98.99484294401809  6.368214908914609  5.650693847669562  -0.2639299905455453
9  0.0  1.0895852848505427  5.600764343201342  5.651631557359945  -0.24302415487604304
10  0.0  96.49529211402051  12.788004693151354  5.652623646451542  -0.2187370832229059
10
18.0
1  0.0  8.497036093509408  7.069233585760237  5.6540455509869965  0.1782383442588938
2  0.0  8.41554621695526  6.053728543226156  5.656779670316677  -0.029047572909725393
3  0.0  3.7423235777861237  13.18273315171117  5.656183364697813  0.08711914207424817
4  0.0  2.027671319371038  13.733090102809992  5.653709636269598  0.18859307715899248
5  0.0  6.201964129292655  5.335923899278736  5.65092873182437  -0.2588522123564616
6  0.0  7.159783944798455  6.293540546916382  5.654047035058315  0.17819126058339874
7  0.0  11.256372168754902  6.775637856460826  5.652058541455881  0.23288246811562402
8  0.0  4.645536791687647  6.104284918369064  5.650736348803126  -0.2630184714333169
9  0.0  6.741216842210488  5.357740188325299  5.654702251595806  0.1560206582389933
10  0.0  2.14791576047206  12.569267609928447  5.656850462980569  0.006545187278553235
10
19.0
1  0.0  14.151081644496404  7.247471930019131  5.655199277189783  0.13682519969714044
2  0.0  14.072325887271937  6.024680970316431  5.650335913441111  -0.27148492642797845
3  0.0  9.398506942483937  13.26985229378542  5.655499748775197  0.1237844562281964
4  0.0  7.681380955640636  13.921683179968985  5.654031984555852  0.17866817741115099
5  0.0  11.852892861117025  5.077071686922275  5.65300186039133  0.2087342003893545
6  0.0  12.81383097985677  6.47173180749978  5.655133474069208  -0.13951842337828085
7  0.0  16.908430710210784  7.00852032457645  5.650464620349129  0.26879280902355684
8  0.0  10.296273140490772  5.841266446935747  5.656124845502759  -0.09083904494433524
9  0.0  12.395919093806294  5.513760846564292  5.653559152413968  0.19305157382487667
10  0.0  7.804766223452629  12.575812797207  5.653018162248408  0.20829224010897907
10
20.0
1  0.0  19.806280921686188  7.384297129716272  5.652082136635662  0.2323091059860969
2  0.0  19.72266180071305  5.753196043888452  5.655415853404465  -0.1275598881367297
3  0.0  15.054006691259135  13.393636750013616  5.653516886483789  0.19428539379650397
4  0.0  13.335412940196488  14.100351357380136  5.651588321706454  -0.24402754342745858
5  0.0  17.505894721508355  5.285805887311629  5.6522872324983915  0.22726425441697534
6  0.0  18.468964453925977  6.332213384121499  5.654973165859517  -0.14587149621783665
7  0.0  22.558895330559913  7.277313133600007  5.652813251865679  0.21378105512830106
8  0.0  15.952397985993532  5.750427401991412  5.656004626188456  0.09803911737054193
9  0.0  18.04947824622026  5.706812420389169  5.654894423232125  0.1488927872605292
10  0.0  13.457784385701036  12.784105037315978  5.656511323444459  -0.062286818385557476
10
21.0
1  0.0  25.45836305832185  7.616606235702369  5.656146085766289  0.0895067398059299
2  0.0  25.37807765411751  5.625636155751723  5.655999903243997  -0.0983112125034786
3  0.0  20.707523577742926  13.58792214381012  5.65447647158779  0.16399948859714605
4  0.0  18.98700126190294  13.856323813952677  5.65111274905052  0.2548032525669133
5  0.0  23.158181954006746  5.513070141728605  5.65672034721031  -0.03892188917414815
6  0.0  24.123937619785494  6.186341887903663  5.6568536566012675  -0.002589941488942894
7  0.0  28.211708582425594  7.491094188728308  5.656223082678505  -0.08450111818707777
8  0.0  21.608402612181987  5.848466519361954  5.656831372036875  -0.01608814282062873
9  0.0  23.704372669452386  5.855705207649698  5.655472565857701  0.12502022568738025
10  0.0  19.114295709145495  12.721818218930421  5.652382893940159  -0.2248724533878148
10
22.0
1  0.0  31.11450914408814  7.706112975508298  5.656650437027172  -0.04801909287255241
2  0.0  31.03407755736151  5.527324943248244  5.655357913907844  0.13010328819799222
3  0.0  26.362000049330717  13.751921632407266  5.6568316209760185  -0.016000372678474914
4  0.0  24.63811401095346  14.111127066519591  5.655855543199698  0.1062924007502405
5  0.0  28.814902301217057  5.474148252554457  5.6560135241283485  0.09752443220674864
6  0.0  29.78079127638676  6.18375194641472  5.656837805867373  0.013639578792913266
7  0.0  33.867931665104095  7.406593070541231  5.651812739154607  0.23877345231345085
8  0.0  27.26523398421886  5.832378376541325  5.653240940562896  0.20215555382808928
9  0.0  29.359845235310086  5.980725433337078  5.656461183957965  0.06668488866949306
10  0.0  24.76667860308565  12.496945765542605  5.656672262502361  -0.04537526458764696
10
23.0
1  0.0  36.77115958111531  7.658093882635746  5.654932854361664  -0.14742595653765161
2  0.0  36.689435471269356  5.657428231446236  5.6564783459804415  0.06521289331405151
3  0.0  32.01883167030674  13.73592125972879  5.650254261943232  -0.2731790171158273
4  0.0  30.293969554153158  14.217419467269831  5.656316236937096  0.07801684280827681
5  0.0  34.47091582534541  5.5716726847612055  5.656853687729299  0.0025210361856374606
6  0.0  35.43762908225413  6.1973915252076335  5.650224830612488  0.27378707699622057
7  0.0  39.5197444042587  7.645366522854681  5.6551014538980535  0.14081031965065768
8  0.0  32.918474924781755  6.034533930369414  5.652638556749743  -0.2183514294576243
9  0.0  35.01630641926805  6.047410322006571  5.652506584516022  0.22174154325027723
10  0.0  30.423350865588013  12.451570500954958  5.653071258807272  -0.20684618161119792
10
24.0
1  0.0  42.426092435476974  7.510667926098094  5.656798782516408  0.025050631147173416
2  0.0  42.345913817249794  5.722641124760288  5.655518253396847  0.12293610330207427
3  0.0  37.66908593224997  13.462742242612963  5.6513225953014095  0.25010582527355324
4  0.0  35.95028579109025  14.295436310078108  5.6552622762526  0.13419607592723268
5  0.0  40.12776951307471  5.574193720946843  5.65426268034132  0.17121197884321868
6  0.0  41.08785391286662  6.471178602203854  5.653460630886664  0.19591553030482342
7  0.0  45.17484585815676  7.7861768425053395  5.651403950852753  0.24826071837059174
8  0.0  38.5711134815315  5.81618250091179  5.652885966873321  0.21184958231415768
9  0.0  40.66881300378407  6.269151865256848  5.6567342363604105  0.03684805541691415
10  0.0  36.076422124395286  12.24472431934376  5.652477265091105  0.2224876797221772
10
25.0
1  0.0  48.082891217993385  7.535718557245267  5.656345731586368  0.07584830100051279
2  0.0  48.00143207064664  5.845577228062362  5.652028202024911  0.23361764384367756
3  0.0  43.32040852755138  13.712848067886517  5.6540664649453864  0.177573674794466
4  0.0  41.60554806734285  14.42963238600534  5.655682363568752  0.11513905687200901
5  0.0  45.78203219341603  5.745405699790061  5.656730013357804  -0.03749074521853782
6  0.0  46.74131454375328  6.667094132508677  5.652403535971139  -0.22435299539122472
7  0.0  50.82624980900951  8.034437560875931  5.650028772388062  -0.2778036558201643
8  0.0  44.22399944840482  6.0280320832259475  5.656835317045916  0.014635430367262952
9  0.0  46.32554724014447  6.305999920673762  5.656243468745173  0.08312534076669502
10  0.0  41.72889938948639  12.467211999065936  5.654997630595324  0.1449199708847732
10
26.0
1  0.0  53.739236949579755  7.61156685824578  5.656087172206391  0.09315524892515062
2  0.0  53.65346027267155  6.07919487190604  5.655713064209219  -0.11362101624782611
3  0.0  48.974474992496766  13.890421742680983  5.650116959513011  0.2760042460243567
4  0.0  47.2612304309116  14.544771442877348  5.653877468471515  -0.18349270151730301
5  0.0  51.43876220677383  5.707914954571524  5.653427699534658  0.19686352159373682
6  0.0  52.39371807972442  6.442741137117452  5.654050139344114  -0.178092733661027
7  0.0  56.47627858139757  7.756633905055767  5.656258551326919  0.08209263390278654
8  0.0  49.880834765450736  6.04266751359321  5.652900807474702  -0.21145321196866604
9  0.0  51.98179070888965  6.389125261440457  5.649946533529588  -0.2794712297482337
10  0.0  47.38389702008172  12.61213196995071  5.652235722167707  -0.2285417709112998
10
27.0
1  0.0  59.395324121786146  7.704722107170931  5.654903007865258  0.1485663879767436
2  0.0  59.30917333688077  5.965573855658214  5.656761884662921  -0.03232615388229308
3  0.0  54.62459195200978  14.16642598870534  5.656170667044776  -0.08793966830890608
4  0.0  52.915107899383116  14.361278741360046  5.6550198947045995  -0.14404856991713194
5  0.0  57.09218990630849  5.90477847616526  5.6553371434588815  -0.1310030297907675
6  0.0  58.04776821906854  6.264648403456425  5.65663945956052  0.04929527911400745
7  0.0  62.132537132724494  7.838726538958554  5.650933975987541  -0.25873770314670963
8  0.0  55.53373557292544  5.831214301624544  5.653322639717007  -0.19985777758980205
9  0.0  57.631737242419234  6.109654031692223  5.653362525446356  0.19872633413517488
10  0.0  53.03613274224943  12.38359019903941  5.656773826670419  -0.030164116040073147
10
28.0
1  0.0  65.0502271296514  7.853288495147675  5.656335892745397  0.07657851160820699
2  0.0  64.96593522154369  5.933247701775921  5.6555194267661815  0.12288211208449543
3  0.0  60.280762619054556  14.078486320396435  5.6536859140085065  0.18930289417181806
4  0.0  58.57012779408772  14.217230171442914  5.655464074764328  -0.12540374416282465
5  0.0  62.74752704976737  5.773775446374493  5.655193962566672  -0.13704468522890614
6  0.0  63.70440767862905  6.313943682570432  5.656186793578478  0.08689623782686397
7  0.0  67.78347110871204  7.579988835811844  5.656371699012268  -0.07388641697272676
8  0.0  61.18705821264244  5.631356524034742  5.656848107653131  0.008335882748308307
9  0.0  63.28509976786559  6.308380365827398  5.656740813265494  0.03582417530717748
10  0.0  58.692906568919845  12.353426082999338  5.65669065359538  0.043021500748483724
10
29.0
1  0.0  70.70656302239681  7.929867006755882  5.654371861982608  -0.1675674384220473
2  0.0  70.62145464830986  6.056129813860416  5.6513512286175835  0.2494579940642388
3  0.0  65.93444853306306  14.267789214568253  5.6550903251546965  0.14125655504002138
4  0.0  64.22559186885205  14.09182642728009  5.650889441965183  -0.259708518702056
5  0.0  68.40272101233404  5.636730761145587  5.656696536067108  0.042240961712606405
6  0.0  69.36059447220754  6.4008399203972965  5.65227189379301  -0.22764542305443738
7  0.0  73.4398428077243  7.506102418839117  5.65057542069081  -0.2664534013385302
8  0.0  66.84390632029557  5.63969240678305  5.652179768424656  0.22992143312664412
9  0.0  68.94184058113109  6.344204541134576  5.654931089678803  -0.1474936303170759
10  0.0  64.34959722251523  12.396447583747822  5.65336462652545  0.198666553679102
10
30.0
1  0.0  76.36093488437942  7.762299568333835  5.655881899473192  -0.10488059501886648
2  0.0  76.27280587692745  6.305587807924654  5.65683962569238  0.012862705645114282
3  0.0  71.58953885821776  14.409045769608275  5.656563101341049  0.057392338747973684
4  0.0  69.87648131081723  13.832117908578034  5.653519821859901  0.19419995838615683
5  0.0  74.05941754840114  5.678971722858193  5.656821824447442  -0.019153236153361543
6  0.0  75.01286636600055  6.173194497342859  5.6513384302584475  0.24974776612423255
7  0.0  79.09041822841512  7.239649017500588  5.652030421172536  -0.2335639487168201
8  0.0  72.49608608872023  5.869613839909694  5.6564044694341336  -0.07133356969595404
9  0.0  74.59677167080989  6.1967109108175  5.653478489034545  0.19539952411323974
10  0.0  70.00296184904067  12.595114137426924  5.653148300697877  0.2047297983115106
10
31.0
1  0.0  82.0168167838526  7.657418973314968  5.656753955989922  -0.0336850321710517
2  0.0  81.92964550261983  6.318450513569768  5.652001322695332  0.23426704473793303
3  0.0  77.24610195955881  14.466438108356249  5.654369722017825  0.16763963352407427
4  0.0  75.53000113267713  14.026317866964192  5.656384100031537  0.07293087761991196
5  0.0  79.71623937284859  5.659818486704831  5.655971279094592  0.09994443484808814
6  0.0  80.664204796259  6.422942263467092  5.656561944336518  -0.05750625951946965
7  0.0  84.74244864958766  7.006085068783768  5.656565171996901  0.05718789165251723
8  0.0  78.15249055815437  5.79828027021374  5.654946354458312  0.1469072094849265
9  0.0  80.25025015984443  6.39211043493074  5.652556007157002  0.2204780849728429
10  0.0  75.65611014973855  12.799843935738433  5.655083880508658  0.14151432581578996
10
32.0
1  0.0  87.67357073984253  7.623733941143916  5.6498376997580015  -0.28166285944939695
2  0.0  87.58164682531516  6.552717558307702  5.655640575625391  0.11717371437192918
3  0.0  82.90047168157663  14.634077741880322  5.653490207386687  -0.19506018297659042
4  0.0  81.18638523270866  14.099248744584104  5.6558958744402625  0.10412424064361467
5  0.0  85.37221065194318  5.759762921552919  5.6513496675723545  0.2494933562840119
6  0.0  86.32076674059552  6.365436003947622  5.65133913523474  0.2497318132803982
7  0.0  90.39901382158456  7.063272960436285  5.656681036512613  -0.04426794730478993
8  0.0  83.80743691261269  5.945187479698667  5.652135734923322  0.23100137229637766
9  0.0  85.90280616700143  6.612588519903583  5.653745906802679  0.1875025901472956
10  0.0  81.31119403024721  12.941358261554223  5.655504407223139  -0.12357143634191495
10
33.0
1  0.0  93.32340843960053  7.342071081694519  5.655449369926845  -0.12606515852545375
2  0.0  93.23728740094055  6.669891272679631  5.650920232465116  -0.2590376928487847
3  0.0  88.55396188896331  14.439017558903732  5.656830669773703  -0.016333202613574505
4  0.0  86.84228110714892  14.203372985227718  5.656793456026151  -0.026225862420859645
5  0.0  91.02356031951552  6.009256277836931  5.655531872736498  0.12230795747465129
6  0.0  91.97210587583025  6.61516781722802  5.652743002602427  -0.2156305788364914
7  0.0  96.05569485809717  7.019005013131495  5.653611518677425  -0.19151186876517654
8  0.0  89.459572647536  6.176188851995045  5.6564876064674605  0.06440464175835671
9  0.0  91.55655207380411  6.800091110050879  5.656612257085429  0.052323732577856955
10  0.0  86.96669843747034  12.817786825212307  5.655417048597922  -0.12750688776657737
10
34.0
1  0.0  98.97885780952737  7.216005923169066  5.654688595963345  0.1565148002014155
2  0.0  98.88820763340566  6.410853579830846  5.654744724688941  -0.1544736178207244
3  0.0  94.21079255873701  14.422684356290157  5.649980947282947  0.27877463180805123
4  0.0  92.49907456317507  14.177147122806858  5.655055884785299  0.14262867858591635
5  0.0  96.67909219225203  6.131564235311583  5.65407265818525  -0.177376368104692
6  0.0  97.62484887843267  6.399537238391528  5.654678819064621  -0.15686762961809314
7  0.0  1.7093063767745917  6.8274931443663185  5.6515977102431325  -0.24381001122714216
8  0.0  95.11606025400347  6.240593493753401  5.6549993810293016  0.14485165017431292
9  0.0  97.21316433088954  6.852414842628736  5.653325805163038  -0.19976821738623052
10  0.0  92.62211548606827  12.69027993744573  5.6557908410547935  -0.10968118453346998
10
35.0
1  0.0  4.633546405490719  7.3725207233704815  5.653473183877494  -0.19555295747719162
2  0.0  4.542952358094595  6.256379962010121  5.656322901285818  -0.07753216358145003
3  0.0  99.86077350601995  14.701458988098208  5.6502333002645635  -0.2736122303213808
4  0.0  98.15413044796037  14.319775801392774  5.656664363634223  -0.046349511223273666
5  0.0  2.333164850437271  5.95418786720689  5.656673377880997  0.04523600305519616
6  0.0  3.2795276974972865  6.2426696087734355  5.656489590180435  0.06423018122679024
7  0.0  7.360904087017724  6.583683133139177  5.656782134691037  0.02856362442552424
8  0.0  0.7710596350327705  6.385445143927714  5.650922740572135  0.2589829725768081
9  0.0  2.866490136052576  6.652646625242506  5.655657808614248  0.1163389524650474
10  0.0  98.27790632712306  12.58059875291226  5.650476099807222  -0.26855138336510953
10
36.0
1  0.0  10.287019589368214  7.1769677658932896  5.652604804422006  0.21922345911253763
2  0.0  10.199275259380414  6.178847798428671  5.653313495546684  -0.20011626887825967
3  0.0  5.511006806284513  14.427846757776827  5.655112596732889  0.14036209699570046
4  0.0  3.81079481159459  14.273426290169501  5.653556268351132  -0.19313601577030537
5  0.0  7.989838228318268  5.999423870262087  5.654461439139502  -0.1645169695942057
6  0.0  8.936017287677721  6.306899790000226  5.655509863882793  0.1233214479500254
7  0.0  13.017686221708761  6.612246757564701  5.65230810092809  0.22674464091281246
8  0.0  6.421982375604905  6.644428116504522  5.653554643968053  0.19318355951599134
9  0.0  8.522147944666823  6.768985577707553  5.656202613553844  -0.08586031927874216
10  0.0  3.928382426930284  12.312047369547152  5.656052457932611  -0.0952396614569094
10
37.0
1  0.0  15.939624393790218  7.396191225005827  5.656604239692983  0.053183413649042235
2  0.0  15.852588754927098  5.978731529550411  5.653683741202836  0.1893677756608217
3  0.0  11.166119403017401  14.568208854772527  5.65680538889846  -0.023511531837864186
4  0.0  9.464351079945722  14.080290274399196  5.654573193349741  0.1606300129194864
5  0.0  13.64429966745777  5.834906900667881  5.656038740441855  0.09605085434776936
6  0.0  14.591527151560514  6.430221237950251  5.650794400227178  -0.26176830664011325
7  0.0  18.669994322636853  6.838991398477513  5.656699422192028  -0.04185268178239577
8  0.0  12.075537019572959  6.837611676020513  5.6568269874125034  -0.017562302855483415
9  0.0  14.178350558220668  6.68312525842881  5.65661713509136  0.051793696438811224
10  0.0  9.584434884862894  12.216807708090242  5.656475585373274  -0.06545190658826519
10
38.0
1  0.0  21.5962286334832  7.449374638654869  5.65656634241508  0.05707200589504007
2  0.0  21.506272496129935  6.168099305211233  5.656683109813674  0.04400221754322664
3  0.0  16.82292479191586  14.544697322934663  5.655746727362693  -0.11193281880756727
4  0.0  15.118924273295463  14.240920287318684  5.656403866460826  0.07138136652531647
5  0.0  19.300338407899623  5.93095775501565  5.6500213535980235  0.27795449966924435
6  0.0  20.242321551787693  6.168452931310138  5.656851249915353  -0.005825489779468161
7  0.0  24.32669374482888  6.797138716695118  5.65549775240226  -0.12387563349177275
8  0.0  17.732364006985463  6.82004937316503  5.651080393299328  0.25551983967575564
9  0.0  19.834967693312027  6.734918954867622  5.654041667136161  0.17836150450175647
10  0.0  15.240910470236168  12.151355801501976  5.653071021273024  0.2068526732801403
10
39.0
1  0.0  27.25279497589828  7.506446644549909  5.650516444973306  0.26770114883248863
2  0.0  27.16295560594361  6.21210152275446  5.656793622135849  -0.026190008842959894
3  0.0  22.478671519278553  14.432764504127096  5.656779819516183  -0.02901850296773702
4  0.0  20.77532813975629  14.312301653844  5.651131929772223  0.2543774996120376
5  0.0  24.950359761497648  6.208912254684894  5.6534310940641035  -0.19676601502591531
6  0.0  25.899172801703045  6.162627441530669  5.656398792169477  0.07178233726857713
7  0.0  29.982191497231142  6.673263083203345  5.656590069142025  0.05466982425272533
8  0.0  23.38344440028479  7.075569212840785  5.656828017666352  0.017227261679408672
9  0.0  25.489009360448186  6.913280459369378  5.650966265120043  0.25803153000211565
10  0.0  20.89398149150919  12.358208474782117  5.656437012965979  0.06870457298089057
10
40.0
1  0.0  32.90331142087159  7.774147793382397  5.654316890976257  -0.1694122085937289
2  0.0  32.81974922807946  6.1859115139115  5.652130944635346  0.23111855117142163
3  0.0  28.135451338794738  14.403746001159359  5.654406315082913  0.16640079311857012
4  0.0  26.426460069528513  14.566679153456038  5.656716404666544  0.039490722662476184
5  0.0  30.60379085556175  6.012146239658979  5.656763365967761  0.03206589223943047
6  0.0  31.55557159387252  6.234409778799247  5.655295812455568  0.13277527489169835
7  0.0  35.63878156637317  6.72793290745607  5.651286550784048  -0.2509189529057881
8  0.0  29.040272417951144  7.092796474520194  5.6525625553500145  0.22031014015454278
9  0.0  31.13997562556823  7.171311989371494  5.656673631115971  -0.04520432542633265
10  0.0  26.550418504475168  12.426913047763007  5.652385270653472  -0.22481270448898338
10
41.0
1  0.0  38.55762831184784  7.604735584788668  5.655224346280243  0.13578509947414535
2  0.0  38.471880172714805  6.417030065082922  5.656803206538704  -0.024030865433095124
3  0.0  33.789857653877654  14.570146794277928  5.654798067652572  0.1525084065642491
4  0.0  32.08317647419506  14.606169876118514  5.654241695076751  0.17190361734292073
5  0.0  36.26055422152951  6.0442121318984094  5.655713742972715  0.11358722441181864
6  0.0  37.21086740632809  6.367185053690945  5.65245393989699  -0.22307948660297885
7  0.0  41.29006811715722  6.477013954550282  5.654467524641729  0.16430767715493386
8  0.0  34.69283497330116  7.313106614674736  5.654836397016808  0.15108051818143786
9  0.0  36.7966492566842  7.126107663945161  5.656775089640234  0.02992632997418479
10  0.0  32.20280377512864  12.202100343274024  5.656277000551632  -0.08081146596001317
10
42.0
1  0.0  44.212852658128085  7.740520684262814  5.65257563372971  -0.21997432796845448
2  0.0  44.12868337925351  6.392999199649827  5.656114747421354  0.09146564383798149
3  0.0  39.444655721530225  14.722655200842178  5.655256393136283  -0.13444377222922374
4  0.0  37.737418169271805  14.778073493461434  5.650528736932204  -0.2674415695125812
5  0.0  41.916267964502225  6.157799356310228  5.656807763535441  0.022933085382811743
6  0.0  42.86332134622508  6.1441055670879665  5.652942390865858  0.2103385973896525
7  0.0  46.94453564179895  6.641321631705216  5.656850251287191  -0.006725660714220031
8  0.0  40.34767137031797  7.464187132856174  5.656168228394605  0.08809637960465394
9  0.0  42.45342434632443  7.156033993919346  5.6554559807184015  0.12576823985591648
10  0.0  37.859080775680276  12.121288877314012  5.654261735048522  0.17124319421821002
10
43.0
1  0.0  49.865428291857796  7.520546356294359  5.651682833939041  0.24182875048012675
2  0.0  49.784798126674865  6.4844648434878085  5.656685981446542  0.043631494430043556
3  0.0  45.09991211466651  14.588211428612954  5.654870754158286  -0.149789030857806
4  0.0  43.38794690620401  14.510631923948853  5.655226900905801  0.13567866181295699
5  0.0  47.573075728037665  6.18073244169304  5.655341034157474  0.13083496235595157
6  0.0  48.51626373709094  6.354444164477619  5.656848703602388  0.007921145878895358
7  0.0  52.60138589308614  6.634595970990996  5.6538535900730365  0.18422698504355686
8  0.0  46.003839598712574  7.552283512460828  5.656851523892368  -0.005553074516953432
9  0.0  48.10888032704283  7.281802233775262  5.654326400314273  -0.16909452595822588
10  0.0  43.5133425107288  12.292532071532221  5.651422778807056  -0.24783174772554495
10
44.0
1  0.0  55.51711112579684  7.762375106774486  5.656619652559435  -0.051518018967933135
2  0.0  55.44148410812141  6.5280963379178525  5.651934449395457  -0.23587492392558362
3  0.0  50.7547828688248  14.438422397755149  5.656181128738685  -0.08726419025238144
4  0.0  49.04317380710981  14.64631058576181  5.656763431849307  0.03205426792868348
5  0.0  53.22841676219514  6.311567404048992  5.656835046040749  0.01473980614440599
6  0.0  54.17311244069332  6.362365310356514  5.653648400875366  0.1904199550453435
7  0.0  58.25523948315917  6.818822956034553  5.656515770518435  0.06188164409784115
8  0.0  51.660691122604945  7.546730437943874  5.656762619916693  0.032197234558902395
9  0.0  53.76320672735711  7.112707707817036  5.656629982525648  -0.05037103127666272
10  0.0  49.16476528953585  12.044700323806676  5.6554645185473635  -0.12538372881598625
10
45.0
1  0.0  61.17373077835627  7.710857087806553  5.655846356466814  -0.10678011069987234
2  0.0  61.09341855751686  6.2922214139922685  5.651046495619185  -0.25626842246003523
3  0.0  56.410963997563485  14.351158207502767  5.65529021016256  0.13301367914440665
4  0.0  54.699937238959116  14.678364853690494  5.655311993730945  -0.13208426690153474
5  0.0  58.885251808235886  6.326307210193398  5.652509161607481  0.22167583978300637
6  0.0  59.82676084156869  6.552785265401858  5.653861680317035  -0.18397853092872896
7  0.0  63.911755253677605  6.880704600132394  5.650760650226786  0.2624958549169144
8  0.0  57.317453742521636  7.578927672502776  5.6538150627326145  0.18540559974771761
9  0.0  59.41983670988276  7.062336676540374  5.656840503894752  -0.012470505032388456
10  0.0  54.82022980808321  11.91931659499069  5.656199936368905  -0.0860365028366303
10
46.0
1  0.0  66.82957713482308  7.604076977106681  5.654750765092369  -0.15425234094585824
2  0.0  66.74446505313605  6.035952991532233  5.655116348107709  0.14021087463156137
3  0.0  62.06625420772605  14.484171886647173  5.656670616260489  -0.04558003000442826
4  0.0  60.35524923269006  14.54628058678896  5.650076009799969  -0.27684126044152224
5  0.0  64.53776096984336  6.547983049976404  5.6545517458206795  -0.16138325141202398
6  0.0  65.48062252188572  6.368806734473129  5.652530129011317  0.2211405449467785
7  0.0  69.5625159039044  7.143200455049309  5.655917220877128  0.10295819824354868
8  0.0  62.97126880525425  7.764333272250494  5.651250818975602  -0.2517224285350646
9  0.0  65.07667721377751  7.049866171507985  5.6564709955954795  -0.06584736886985602
10  0.0  60.47642974445212  11.833280092154059  5.652095347622133  -0.2319874595494357
10
47.0
1  0.0  72.48432789991546  7.449824636160823  5.656838968165522  0.013148697427368588
2  0.0  72.39958140124376  6.176163866163795  5.656646587461899  -0.04847045033499931
3  0.0  67.72292482398653  14.438591856642745  5.656688749153322  0.0432711821221959
4  0.0  66.00532524249003  14.269439326347438  5.6499494226985885  0.27941281457348444
5  0.0  70.19231271566404  6.386599798564379  5.654930220504103  0.14752695085791023
6  0.0  71.13315265089703  6.589947279419907  5.653862807832946  -0.18394387786336955
7  0.0  75.21843312478153  7.2461586532928575  5.655233559190921  0.13540085302828167
8  0.0  68.62251962422985  7.5126108437154295  5.656830720811393  0.016315516677682176
9  0.0  70.733148209373  6.984018802638129  5.65394948368795  -0.18126013324709014
10  0.0  66.12852509207426  11.601292632604624  5.651257723812844  -0.25156736482627956
10
48.0
1  0.0  78.14116686808097  7.462973333588192  5.656734647917341  0.03678482093845544
2  0.0  78.05622798870566  6.127693415828795  5.65026840413682  -0.2728863521929615
3  0.0  73.37961357313985  14.48186303876494  5.656547840358584  -0.058877242926867926
4  0.0  71.65527466518861  14.548852140920923  5.6561747758953285  -0.08767499372924065
5  0.0  75.84724293616814  6.53412674942229  5.656738586719272  0.03617404485637901
6  0.0  76.78701545872998  6.4060034015565375  5.653969843454514  -0.1806239444453272
7  0.0  80.87366668397244  7.381559506321139  5.654930341336418  -0.14752231910049204
8  0.0  74.27935034504125  7.528926360393112  5.656249863694151  0.0826890528419784
9  0.0  76.38709769306095  6.802758669391039  5.656386226816195  0.07276574114269492
10  0.0  71.7797828158871  11.349725267778345  5.651799091257019  -0.2390962820001475
10
49.0
1  0.0  83.79790151599832  7.499758154526647  5.655078116734147  0.14174446597515578
2  0.0  83.70649639284248  5.854807063635834  5.650102617516462  -0.2762976864428004
3  0.0  79.03616141349843  14.422985795838072  5.655214750178545  0.1361841744221368
4  0.0  77.31144944108394  14.461177147191682  5.656653105125181  -0.04770375538295965
5  0.0  81.50398152288741  6.570300794278669  5.65521757453368  -0.13606683903665137
6  0.0  82.4409853021845  6.22537945711121  5.650174360516103  0.2748266649481153
7  0.0  86.52859702530887  7.234037187220647  5.6545115787049625  -0.1627845394732339
8  0.0  79.93560020873541  7.61161541323509  5.656785078727181  0.027974507851315503
9  0.0  82.04348391987715  6.8755244105337345  5.656055451147538  -0.09506173543656543
10  0.0  77.43158190714412  11.110628985778197  5.655646613858594  0.11688190257600492
10
50.0
1  0.0  89.45297963273246  7.641502620501803  5.653573026164282  -0.19264484895178793
2  0.0  89.35659901035895  5.578509377193033  5.650481849259741  -0.268430384245608
3  0.0  84.69137616367698  14.559169970260209  5.656854247942063  1.3243810665924222E-4
4  0.0  82.96810254620912  14.413473391808722  5.6568386092439376  -0.013302216624067192
5  0.0  87.1591990974211  6.434233955242018  5.651653248070119  0.2425192024943724
6  0.0  88.0911596627006  6.500206122059326  5.6538234942004175  -0.185148309275104
7  0.0  92.18310860401382  7.0712526477474125  5.656822580523517  0.018928615354963776
8  0.0  85.59238528746259  7.639589921086405  5.65076811707359  0.2623350664028576
9  0.0  87.69953937102468  6.780462675097169  5.656724115522206  -0.03837031234589425
10  0.0  83.08722852100271  11.227510888354201  5.655307698973041  -0.13226802310541616
10
51.0
1  0.0  95.10655265889675  7.448857771550015  5.6523348778108895  -0.22607615770481834
2  0.0  95.0070808596187  5.310078992947425  5.651206108725278  -0.2527241909792701
3  0.0  90.34823041161904  14.559302408366868  5.654475748956018  0.1640244020513642
4  0.0  88.62494115545306  14.400171175184655  5.653422273894951  0.19701927070326358
5  0.0  92.81085234549121  6.67675315773639  5.656842320719058  0.011617164966312364
6  0.0  93.74498315690103  6.315057812784222  5.653529091604461  -0.1939299110042016
7  0.0  97.83993118453733  7.090181263102377  5.656224079461986  -0.08443437045662021
8  0.0  91.24315340453619  7.901924987489263  5.656854234728807  -4.086939780311129E-4
9  0.0  93.3562634865469  6.742092362751275  5.655593083482717  -0.11944402062246584
10  0.0  88.74253621997576  11.095242865248785  5.656840258388439  -0.012581378135162894
10
52.0
1  0.0  0.7588875367076326  7.222781613845197  5.6538080690904495  -0.18561874336322495
2  0.0  0.6582869683439725  5.057354801968154  5.6568464431723156  0.009397785310995173
3  0.0  96.00270616057506  14.723326810418232  5.656854246066495  1.968742957701366E-4
4  0.0  94.278363429348  14.597190445887918  5.655985554145973  0.09913330062128885
5  0.0  98.46769466621026  6.688370322702702  5.651168071732851  0.25357331292397095
6  0.0  99.39851224850548  6.12112790178002  5.654579615287507  0.16040378541368308
7  0.0  3.496155263999327  7.005746892645757  5.653259095929029  0.2016472025486571
8  0.0  96.900007639265  7.901516293511232  5.654602505575142  0.1595948117682089
9  0.0  99.01185657002961  6.622648342128809  5.6555233692686375  0.12270052834570942
10  0.0  94.3993764783642  11.082661487113622  5.65271122917419  -0.2164619125111537
10
53.0
1  0.0  6.412695605798082  7.037162870481972  5.654574364037836  -0.16058879651497907
2  0.0  6.315133411516288  5.066752587279149  5.6538932784286775  0.1830049074179484
3  0.0  1.6595604066415603  14.723523684714003  5.656480345675461  0.06503921115177683
4  0.0  99.93434898349398  14.696323746509206  5.654907933997232  -0.1483787653782097
5  0.0  4.118862737943118  6.941943635626672  5.652954342952512  -0.21001713381141027
6  0.0  5.053091863792986  6.281531687193703  5.656311798981964  -0.07833793906834934
7  0.0  9.149414359928357  7.207394095194414  5.656839048234118  -0.013114205036087881
8  0.0  2.55461014484014  8.06111110527944  5.6567145034619495  -0.03976212171437147
9  0.0  4.667379939298243  6.745348870474518  5.650807132540517  -0.26149330933932463
10  0.0  0.05208770753839076  10.866199574602469  5.654900864668434  0.1486479423744473
10
54.0
1  0.0  12.067269969835918  6.876574073966993  5.6565710316379505  -0.056605335741397006
2  0.0  11.969026689944965  5.249757494697097  5.656842376156815  -0.011590138762923202
3  0.0  7.316040752317021  14.78856289586578  5.651453011306454  -0.24714137855738474
4  0.0  5.589256917491213  14.547944981130996  5.649968588729948  -0.27902499236615486
5  0.0  9.77181708089563  6.731926501815262  5.650459709093243  -0.2688960317928094
6  0.0  10.70940366277495  6.203193748125353  5.6560673026056305  -0.09435395272864021
7  0.0  14.806253408162476  7.1942798901583265  5.651962142352586  0.2352104194400685
8  0.0  8.211324648302089  8.021348983565069  5.65536301731853  -0.12988126248943
9  0.0  10.31818707183876  6.483855561135194  5.652360254929974  -0.2254407870993155
10  0.0  5.706988572206825  11.014847516976916  5.649799704008587  0.2824239801866008
10
55.0
1  0.0  17.72384100147387  6.8199687382255965  5.653250965416712  0.20187501582672293
2  0.0  17.625869066101778  5.238167355934174  5.656791604529277  -0.026622226186225322
3  0.0  12.967493763623475  14.541421517308395  5.654243933814376  -0.17182996514969928
4  0.0  11.23922550622116  14.268919988764841  5.653387361863319  -0.19801852621434568
5  0.0  15.422276789988874  6.463030470022453  5.652506802290949  0.22173599178882766
6  0.0  16.36547096538058  6.1088397953967135  5.656850382891683  -0.006614044018044881
7  0.0  20.458215550515064  7.429490309598395  5.655959231813086  0.10062389412226067
8  0.0  13.866687665620619  7.891467721075639  5.656255776843292  -0.08228357628881085
9  0.0  15.970547326768735  6.258414774035878  5.654747181392318  -0.15438366019638175
10  0.0  11.356788276215411  11.297271497163516  5.6548026119335315  -0.1523398177420457
10
56.0
1  0.0  23.377091966890582  7.02184375405232  5.656144303009119  -0.08961932569207634
2  0.0  23.282660670631056  5.211545129747949  5.6565426465758275  -0.059374131311159394
3  0.0  18.62173769743785  14.369591552158695  5.656347786138421  -0.0756949288064229
4  0.0  16.89261286808448  14.070901462550495  5.655655564491914  0.11644799625433752
5  0.0  21.07478359227982  6.6847664618112805  5.650923069022314  0.2589758058032744
6  0.0  22.022321348272264  6.102225751378668  5.652516269977477  0.2214945092772209
7  0.0  26.11417478232815  7.530114203720656  5.654677579112204  -0.15691232037590555
8  0.0  19.522943442463912  7.809184144786828  5.650349131671841  -0.2712096794276567
9  0.0  21.62529450816105  6.104031113839496  5.656797101688916  0.025427353851236883
10  0.0  17.011590888148945  11.14493167942147  5.653029133629504  -0.20799426515178573
10
57.0
1  0.0  29.033236269899703  6.932224428360243  5.656472999758794  -0.06567498001357053
2  0.0  28.939203317206882  5.15217099843679  5.656538288130026  0.05978791616255747
3  0.0  24.278085483576273  14.293896623352273  5.655444046120829  0.12630376556734982
4  0.0  22.548268432576393  14.187349458804832  5.656534889533  0.06010859752061435
5  0.0  26.725706661302134  6.943742267614555  5.654255276269208  -0.1714563232483387
6  0.0  27.67483761824974  6.3237202606558895  5.651897731556174  -0.23675310352819443
7  0.0  31.768852361440352  7.37320188334475  5.652027256967377  -0.23364050697136743
8  0.0  25.173292574135754  7.537974465359171  5.654962113743713  0.14629932372780968
9  0.0  27.282091609849967  6.129458467690733  5.652289848174493  -0.22719919063139457
10  0.0  22.664620021778447  10.936937414269684  5.6507431292902135  -0.26287275777345775
10
58.0
1  0.0  34.68970926965849  6.866549448346673  5.655655499412634  -0.11645115698722423
2  0.0  34.59574160533691  5.2119589145993475  5.651371343668854  -0.24900187942767762
3  0.0  29.933529529697104  14.420200388919623  5.649841158878009  0.2815934648531817
4  0.0  28.20480332210939  14.247458056325446  5.6560022477542145  0.09817623642858096
5  0.0  32.379961937571345  6.7722859443662164  5.656853131185638  -0.003556992446541068
6  0.0  33.326735349805915  6.086967157127695  5.6564947596206725  -0.06377330463389204
7  0.0  37.42087961840773  7.139561376373383  5.656672312773451  -0.045368997148487765
8  0.0  30.82825468787947  7.684273789086981  5.65545819727706  0.12566852768963704
9  0.0  32.93438145802446  5.902259277059338  5.653804646502217  -0.18572296355038795
10  0.0  28.31536315106866  10.674064656496226  5.655147755698131  0.13893833604288383
10
59.0
1  0.0  40.345364769071125  6.750098291359448  5.6511695258813495  0.25354090350475184
2  0.0  40.24711294900577  4.962957035171669  5.656076787630104  0.09378364693242093
3  0.0  35.583370688575116  14.701793853772806  5.656524551922746  -0.061073672684746456
4  0.0  33.86080556986361  14.345634292754026  5.6540693968168325  -0.1774802974398795
5  0.0  38.03681506875698  6.768728951919675  5.65522661472488  0.13569058960518757
6  0.0  38.983230109426586  6.023193852493804  5.652209628249983  -0.22918620883082427
7  0.0  43.07755193118118  7.094192379224895  5.650724570930748  0.26327138750634105
8  0.0  36.48371288515653  7.809942316776618  5.652022762571514  -0.23374920614504224
9  0.0  38.58818610452668  5.71653631350895  5.655837421364445  -0.10725233374428837
10  0.0  33.97051090676679  10.81300299253911  5.6551696548381445  -0.13804410526278021
10
60.0
1  0.0  45.996534294952475  7.0036391948642  5.653734693171727  -0.1878404089285529
2  0.0  45.90318973663587  5.05674068210409  5.656109606918296  -0.09178297514565703
3  0.0  41.23989524049786  14.64072018108806  5.656842291370261  -0.011631447239005567
4  0.0  39.51487496668044  14.168153995314146  5.6506636849246235  -0.26457497968266064
5  0.0  43.69204168348186  6.904419541524862  5.655181547282484  0.1375560513961923
6  0.0  44.63543973767657  5.7940076436629795  5.653776030611317  -0.18659205686469527
7  0.0  48.72827650211193  7.357463766731236  5.656263546838337  -0.08174771377718049
8  0.0  42.13573564772804  7.576193110631576  5.655361081214604  -0.1299655380597115
9  0.0  44.24402352589112  5.609283979764662  5.652566377257785  -0.2202120584681861
10  0.0  39.62568056160494  10.674958887276329  5.652950844559064  -0.21011127765767829
10
61.0
1  0.0  51.6502689881242  6.815798785935647  5.656057114026042  0.09496274467105671
2  0.0  51.55929934355417  4.964957706958433  5.654878049027637  -0.14951337941939738
3  0.0  46.89673753186812  14.629088733849054  5.6507653508288325  0.2623946452813586
4  0.0  45.16553865160506  13.903579015631486  5.656722055974609  0.03867274816191462
5  0.0  49.34722323076434  7.041975592921054  5.651241825138948  -0.2519242620317337
6  0.0  50.28921576828789  5.607415586798284  5.656613937308445  0.05214177066325176
7  0.0  54.38454004895027  7.275716052954055  5.65513599976729  0.13941601104614312
8  0.0  47.79109672894265  7.446227572571864  5.655592247619987  -0.11948359159595871
9  0.0  49.89658990314891  5.389071921296476  5.652121965444431  -0.23133803781603374
10  0.0  45.278631406164  10.464847609618651  5.654727109789179  -0.155117097108265
10
62.0
1  0.0  57.306326102150244  6.910761530606704  5.656026130125013  0.09679057466061255
2  0.0  57.21417739258181  4.815444327539036  5.650959297561373  -0.25818407639645624
3  0.0  52.54750288269695  14.891483379130413  5.656229857201131  0.08404643065887113
4  0.0  50.82226070757967  13.9422517637934  5.654655944263464  -0.15769005043401885
5  0.0  54.99846505590329  6.7900513308893204  5.656782614504633  -0.028468442847447258
6  0.0  55.94582970559633  5.659557357461536  5.656584619645326  -0.05523079568504553
7  0.0  60.03967604871756  7.415132064000199  5.6514938152303476  -0.24620653202774945
8  0.0  53.44668897656263  7.326743980975905  5.650402047667184  0.27010497907010594
9  0.0  55.54871186859334  5.157733883480442  5.652555409042005  -0.22049341874524686
10  0.0  50.93335851595318  10.309730512510386  5.655717248793981  -0.11341252882384285
10
63.0
1  0.0  62.96235223227526  7.007552105267317  5.653529888246067  0.19390668556929835
2  0.0  62.86513669014318  4.55726025114258  5.65633402418189  -0.07671640556186574
3  0.0  58.203732739898086  14.975529809789284  5.656038142324342  -0.09608606856473277
4  0.0  56.47691665184314  13.784561713359382  5.655108431273509  0.14052982081850932
5  0.0  60.655247670407924  6.761582888041874  5.651833311715979  -0.23828599744342513
6  0.0  61.602414325241654  5.604326561776491  5.654287902920157  -0.1703769670196889
7  0.0  65.6911698639479  7.168925531972449  5.654681674511439  0.1567646642088586
8  0.0  59.09709102422982  7.596848960046011  5.653418738540533  -0.197120690742339
9  0.0  61.20126727763534  4.937240464735195  5.656780594479036  -0.0288670387361836
10  0.0  56.589075764747164  10.196317983686543  5.65441980817456  0.16594165517778947
10
64.0
1  0.0  68.61588212052132  7.201458790836615  5.655535453237406  0.12214228250208031
2  0.0  68.52147071432508  4.480543845580714  5.6554745497101955  0.12493045097287803
3  0.0  63.85977088222243  14.879443741224552  5.656854215874678  -6.167178523701008E-4
4  0.0  62.13202508311665  13.925091534177891  5.652510580115772  0.22163966630381776
5  0.0  66.3070809821239  6.5232968905984485  5.656617012144116  0.05180712230765482
6  0.0  67.25670222816181  5.433949594756801  5.656060578868242  0.0947561511074605
7  0.0  71.34585153845934  7.3256901961813075  5.656068968765263  0.09425402150921205
8  0.0  64.75050976277035  7.399728269303672  5.654019022127549  0.17907790879896854
9  0.0  66.85804787211437  4.908373425999011  5.656835133335493  0.014706266052664608
10  0.0  62.243495572921724  10.362259638864332  5.649874410253196  0.2809255210301738
10
65.0
1  0.0  74.27141757375873  7.323601073338696  5.652312808661719  0.22662725572780776
2  0.0  74.17694526403527  4.6054742965535915  5.654822477550458  -0.15160061804005334
3  0.0  69.51662509809711  14.878827023372182  5.655660789976309  0.11619392722760975
4  0.0  67.78453566323242  14.146731200481709  5.654106104718672  -0.1763069952754348
5  0.0  71.96369799426802  6.575104012906103  5.651638000693289  0.24287426607112847
6  0.0  72.91276280703005  5.5287057458642614  5.655216930492021  -0.1360936040983194
7  0.0  77.00192050722461  7.41994421769052  5.650221441770381  0.27385700458130513
8  0.0  70.40452878489789  7.578806178102641  5.6556383496516025  0.11728110653500308
9  0.0  72.51488300544986  4.923079692051676  5.655941763935486  0.10160099886485575
10  0.0  67.89336998317492  10.643185159894506  5.653645333316642  0.19051101035616153
10
66.0
1  0.0  79.92373038242044  7.5502283290665035  5.656746338343077  -0.03494085920871227
2  0.0  79.83176774158572  4.453873678513538  5.650819288842664  0.26123048222540196
3  0.0  75.17228588807342  14.995020950599791  5.649950524260744  0.27939053922021967
4  0.0  73.43864176795108  13.970424205206275  5.654140800347355  -0.17519078128537424
5  0.0  77.6153359949613  6.817978278977232  5.656854006932243  -0.0016565792018235494
6  0.0  78.56797973752207  5.392612141765942  5.655871919659178  0.10541740089224723
7  0.0  82.652141948995  7.693801222271825  5.656644616364482  0.0486999399869402
8  0.0  76.06016713454949  7.6960872846376445  5.653553446242272  -0.19321860801201163
9  0.0  78.17082476938535  5.024680690916532  5.65646195030987  0.06661985212120604
10  0.0  73.54701531649157  10.833696170250667  5.655384197127831  0.1289557399915213
10
67.0
1  0.0  85.58047672076353  7.515287469857792  5.656842626100795  -0.011467498816549238
2  0.0  85.48258703042839  4.715104160738941  5.653957370321226  -0.18101396241812256
3  0.0  80.82223641233416  15.274411489820011  5.655460374737485  -0.1255704972283186
4  0.0  79.09278256829843  13.7952334239209  5.651897318056105  -0.2367629746185321
5  0.0  83.27219000189355  6.816321699775408  5.65269432296944  -0.21690295311286692
6  0.0  84.22385165718124  5.498029542658189  5.652571602557122  -0.22007789067710054
7  0.0  88.30878656535948  7.7425011622587645  5.652597746331282  0.21940537406936297
8  0.0  81.71372058079176  7.502868676625633  5.656493829605522  0.06385574081180463
9  0.0  83.82728671969522  5.091300543037738  5.651245079045695  -0.2518512588053003
10  0.0  79.2023995136194  10.962651910242188  5.656583567270318  -0.055338472036795094
10
68.0
1  0.0  91.23731934686433  7.503819971041242  5.65005799922837  0.27720859538543546
2  0.0  91.13654440074961  4.534090198320818  5.654593921875595  0.1598986513001355
3  0.0  86.47769678707165  15.148840992591692  5.65597843248962  0.0995387924996288
4  0.0  84.74467988635453  13.558470449302368  5.655324489818147  -0.13154814655905647
5  0.0  88.92488432486299  6.599418746662541  5.655831747297566  0.10755113323892825
6  0.0  89.87642325973836  5.2779516519810885  5.6566968039449845  0.04220507361284909
7  0.0  93.96138431169076  7.961906536328128  5.652064061751923  -0.23274845187962856
8  0.0  87.37021441039728  7.566724417437438  5.653836805110381  -0.1847413900002287
9  0.0  89.47853179874092  4.839449284232438  5.656439332323615  0.06851335448198241
10  0.0  84.85898308088971  10.907313438205394  5.6567807699019275  0.028832642399260568
10
69.0
1  0.0  96.88737734609269  7.781028566426677  5.650185177967151  -0.2746041781917628
2  0.0  96.79113832262522  4.693988849620954  5.653427038012707  -0.19688251793109982
3  0.0  92.13367521956127  15.248379785091322  5.656610340353027  -0.05253053789216171
4  0.0  90.40000437617267  13.42692230274331  5.655619780964828  0.11817314906256543
5  0.0  94.58071607216056  6.706969879901469  5.654729139546455  0.15504308550926596
6  0.0  95.53312006368334  5.320156725593938  5.653184396598314  -0.20373065075591992
7  0.0  99.6134483734427  7.729158084448499  5.653311305458706  0.20017812960658743
8  0.0  93.02405121550767  7.38198302743721  5.651014320145146  -0.25697695132923876
9  0.0  95.13497113106453  4.90796263871442  5.65517313115599  -0.137901619466037
10  0.0  90.51576385079164  10.936146080604654  5.655381233251802  -0.12908565599357635
10
70.0
1  0.0  2.5375625240598367  7.506424388234914  5.656800375232241  -0.024688352971147427
2  0.0  2.444565360637924  4.497106331689854  5.656833600100164  -0.015284658250615977
3  0.0  97.7902855599143  15.19584924719916  5.655687056963854  -0.1149082838247985
4  0.0  96.0556241571375  13.545095451805876  5.654179607498927  0.1739337981626539
5  0.0  0.2354452117070167  6.862012965410735  5.6563362604512015  0.07655134685251795
6  0.0  1.1863044602816615  5.116426074838018  5.6516128121113915  -0.24345969271821463
7  0.0  5.266759678901394  7.929336214055086  5.656123973263636  -0.09089333898797257
8  0.0  98.67506553565282  7.125006076107971  5.65448010874066  0.16387403655304408
9  0.0  0.7901442622205224  4.770061019248383  5.652066325636561  0.23269346919330874
10  0.0  96.17114508404345  10.807060424611079  5.656709350381407  -0.040488582434181505
10
71.0
1  0.0  8.194362899292077  7.481736035263767  5.652869703337854  -0.21228310598128003
2  0.0  8.101398960738088  4.481821673439238  5.652926721282972  0.21075930300932855
3  0.0  3.4459726168781515  15.080940963374362  5.653054691734765  -0.20729846177814268
4  0.0  1.7098037646364332  13.71902924996853  5.65539078649979  -0.12866643685624896
5  0.0  5.891781472158218  6.938564312263253  5.655139164444635  0.13928758295140733
6  0.0  6.837917272393053  4.872966382119803  5.655599833114875  -0.11912400123848026
7  0.0  10.92288365216503  7.838442875067114  5.6502196146467  -0.27389469922162796
8  0.0  4.329545644393477  7.288880112661015  5.653079477953822  0.20662143145694176
9  0.0  6.442210587857083  5.002754488441692  5.652274581262738  -0.2275786853181574
10  0.0  1.8278544344248502  10.766571842176898  5.656707262924885  0.04077918062957163
10
72.0
1  0.0  13.84723260262993  7.269452929282487  5.656620798934291  0.0513919941628523
2  0.0  13.75432568202106  4.692580976448566  5.651224510068417  0.25231237940697265
3  0.0  9.099027308612916  14.873642501596219  5.656742864347379  -0.03549882610782174
4  0.0  7.365194551136224  13.59036281311228  5.656824391976751  -0.018379290978208215
5  0.0  11.546920636602852  7.0778518952146605  5.6534564361882875  0.19603653771996854
6  0.0  12.493517105507928  4.753842380881323  5.655945678002269  -0.10138287571145599
7  0.0  16.573103266811728  7.564548175845486  5.655520110800515  0.12285062609092405
8  0.0  9.982625122347299  7.495501544117957  5.655541041762689  -0.12188324305570623
9  0.0  12.094485169119821  4.775175803123535  5.655779975301488  -0.11024006067989893
10  0.0  7.4845616973497355  10.80735102280647  5.655002259485637  0.1447392317663266
10
73.0
1  0.0  19.50385340156422  7.320844923445339  5.653120360000651  0.20549986702225218
2  0.0  19.40555019208948  4.944893355855538  5.654518795419054  0.16253366498262023
3  0.0  14.755770172960295  14.838143675488396  5.655701471118268  0.11419662687965029
4  0.0  13.022018943112975  13.571983522134072  5.650723102788316  -0.2633028970869771
5  0.0  17.20037707279114  7.273888432934629  5.656457899963779  0.06696286984109041
6  0.0  18.1494627835102  4.652459505169866  5.650653775384685  -0.2647865380469331
7  0.0  22.228623377612244  7.68739880193641  5.654662939263105  -0.15743901461943405
8  0.0  15.638166164109988  7.37361830106225  5.656850093029952  -0.0068574767220528875
9  0.0  17.75026514442131  4.664935742443636  5.656599572864184  0.05367748385261918
10  0.0  13.139563956835373  10.952090254572797  5.656368154339228  0.07415728269699133
10
74.0
1  0.0  25.15697376156487  7.526344790467591  5.6541900214871035  -0.17359493343908952
2  0.0  25.060068987508533  5.107427020838158  5.65685228940146  0.004709128739353805
3  0.0  20.411471644078564  14.952340302368047  5.653199865085242  -0.20330097245273152
4  0.0  18.67274204590129  13.308680625047096  5.655415202263352  -0.12758875345646184
5  0.0  22.85683497275492  7.340851302775719  5.652655814707787  -0.21790420016658044
6  0.0  23.800116558894885  4.387672967122933  5.655671811953345  -0.11565619514941913
7  0.0  27.88328631687535  7.529959787316976  5.654688659228885  -0.15651251447801462
8  0.0  21.29501625713994  7.366760824340197  5.654475234809721  -0.16404212545419425
9  0.0  23.406864717285494  4.718613226296255  5.654525092076378  -0.16231445739256173
10  0.0  18.7959321111746  11.026247537269787  5.656738078472141  -0.03625343519277945
10
75.0
1  0.0  30.811163783051974  7.352749857028502  5.653426617890541  0.19689458125293982
2  0.0  30.716921276909993  5.112136149577512  5.6567365784756305  0.03648673369654058
3  0.0  26.064671509163805  14.749039329915314  5.655773131268878  -0.11059063078328302
4  0.0  24.328157248164644  13.181091871590635  5.655723141471958  -0.11311828772824091
5  0.0  28.50949078746271  7.122947102609139  5.653035603316876  -0.2078183524903318
6  0.0  29.455788370848232  4.272016771973514  5.6551623700402285  -0.13834221510826167
7  0.0  33.53797497610424  7.373447272838961  5.653393896048117  -0.19783188854653322
8  0.0  26.94949149194966  7.202718698886003  5.653925657679312  0.18200180613260195
9  0.0  29.06138980936187  4.556298768903694  5.654671077799836  0.1571464345572369
10  0.0  24.452670189646742  10.989994102077008  5.654183283133839  -0.17381427078869974
10
76.0
1  0.0  36.46459040094251  7.549644438281441  5.652828851291556  -0.2133681747727156
2  0.0  36.37365785538562  5.148622883274053  5.655642574858417  0.11707717731853017
3  0.0  31.72044464043268  14.63844869913203  5.655434954812917  0.12671018854157887
4  0.0  29.983880389636603  13.067973583862393  5.65077010664815  0.26229220692131355
5  0.0  34.16252639077958  6.915128750118807  5.656508384347286  -0.06255315986302983
6  0.0  35.11095074088846  4.133674556865253  5.654994193775833  0.14505401877125573
7  0.0  39.19136887215235  7.175615384292428  5.653033267377491  0.20788188454832204
8  0.0  32.603417149628974  7.384720505018605  5.656846416881755  -0.009413597188060991
9  0.0  34.7160608871617  4.713445203460931  5.656141111977399  -0.08982049542885956
10  0.0  30.106853472780582  10.816179831288308  5.651593781797407  0.24390105688340993
10
77.0
1  0.0  42.11741925223407  7.336276263508726  5.6566885611673525  -0.043295749889316996
2  0.0  42.02930043024404  5.265700060592582  5.656448677978435  0.0677373855122451
3  0.0  37.3758795952456  14.765158887673609  5.655960878023384  -0.1005313198410165
4  0.0  35.634650496284756  13.330265790783708  5.65673335408181  0.03698325051098184
5  0.0  39.819034775126866  6.8525755902557774  5.655887673874581  -0.10456873583235915
6  0.0  40.7659449346643  4.278728575636508  5.650669182037011  0.2644575489133483
7  0.0  44.84440213952984  7.38349726884075  5.652811057238546  0.21383907772345584
8  0.0  38.26026356651073  7.375306907830544  5.655004472795526  -0.14465273126545863
9  0.0  40.3722019991391  4.623624708032072  5.654895665958879  0.14884558145774712
10  0.0  35.75844725457799  11.060080888171717  5.656843444424634  0.011056458293770602
10
78.0
1  0.0  47.77410781340142  7.292980513619408  5.656608062180296  -0.05277528661153509
2  0.0  47.68574910822248  5.333437446104828  5.653791800069926  0.1861136251382151
3  0.0  43.031840473268986  14.664627567832593  5.654059242535368  0.17780349237405488
4  0.0  41.291383850366564  13.36724904129469  5.656505459680333  -0.06281707257255884
5  0.0  45.47492244900145  6.748006854423418  5.650316924153839  0.2718798569601892
6  0.0  46.41661411670131  4.543186124549857  5.654438405924467  -0.16530672583548664
7  0.0  50.497213196768385  7.597336346564206  5.655731267588766  0.11271126305197525
8  0.0  43.915268039306255  7.230654176565086  5.655556192000356  -0.12117821225944371
9  0.0  46.02709766509798  4.772470289489819  5.656319378408278  0.07778874882014764
10  0.0  41.415290699002625  11.071137346465488  5.651181529720441  -0.25327320850515145
10
79.0
1  0.0  53.43071587558172  7.240205227007873  5.656853932709909  -0.001893141434840205
2  0.0  53.339540908292406  5.5195510712430425  5.65656105155091  -0.05759401077621776
3  0.0  48.685899715804354  14.842431060206648  5.656725610704029  0.03814924907718747
4  0.0  46.9478893100469  13.304431968722131  5.652918158974276  -0.2109888336829431
5  0.0  51.12523937315529  7.019886711383608  5.655198563549685  -0.1368546923768988
6  0.0  52.07105252262578  4.37787939871437  5.655114602621297  0.1402812575487069
7  0.0  56.15294446435715  7.710047609616181  5.655141733031708  -0.13918325805615128
8  0.0  49.57082423130661  7.109475964305642  5.65667344651545  0.045227419636506075
9  0.0  51.68341704350626  4.850259038309966  5.650735260018619  0.2630418620340172
10  0.0  47.066472228723065  10.817864137960337  5.656309017500693  -0.0785385162853577
10
80.0
1  0.0  59.087569808291626  7.238312085573034  5.650996585631672  0.2573666434859829
2  0.0  58.996101959843315  5.461957060466824  5.6566910374209485  -0.04297100372973957
3  0.0  54.34262532650838  14.880580309283836  5.653332017654382  0.19959232992242437
4  0.0  52.60080746902117  13.093443135039188  5.655514019604809  -0.12313071937362562
5  0.0  56.78043793670497  6.883032019006709  5.656212088490212  0.08523385487697133
6  0.0  57.72616712524707  4.518160656263077  5.655332116916284  -0.13121984367942813
7  0.0  61.80808619738885  7.570864351560029  5.654467936124388  -0.1642935158221158
8  0.0  55.22749767782206  7.154703383942148  5.655867211579925  -0.10566969752525593
9  0.0  57.33415230352488  5.113300900343983  5.654376681001988  -0.16740474706815409
10  0.0  52.72278124622376  10.739325621674979  5.655596086432667  -0.11930174821623532
10
81.0
1  0.0  64.73856639392329  7.4956787290590166  5.655933835756822  0.10204139131341133
2  0.0  64.65279299726427  5.418986056737085  5.655708251158225  0.11386034331937343
3  0.0  59.99595734416276  15.08017263920626  5.653099966741186  0.20606010295744584
4  0.0  58.25632148862598  12.970312415665562  5.656847714306734  0.008598670983561372
5  0.0  62.436650025195185  6.968265873883681  5.651082839435966  0.25546573514335924
6  0.0  63.38149924216336  4.386940812583648  5.655462601713089  0.12547015830341657
7  0.0  67.46255413351324  7.406570835737914  5.653143249068759  -0.20486924002470733
8  0.0  60.88336488940198  7.049033686416892  5.653772978126344  0.1866845248228208
9  0.0  62.988528984526866  4.945896153275829  5.651890258746418  -0.23693143119342114
10  0.0  58.37837733265643  10.620023873458743  5.656743320167904  -0.035426116577288516
10
82.0
1  0.0  70.39450022968012  7.597720120372428  5.656845664680737  -0.009855251534180454
2  0.0  70.3085012484225  5.532846400056458  5.651316077452999  0.2502530573664987
3  0.0  65.64905731090394  15.286232742163707  5.653280297293284  -0.20105193417518943
4  0.0  63.913169202932714  12.978911086649124  5.649824480374664  -0.28192790028507964
5  0.0  68.08773286463115  7.22373160902704  5.655524760017463  0.12263640906928883
6  0.0  69.03696184387644  4.512410970887065  5.6514960012386  0.24615634865706382
7  0.0  73.115697382582  7.201701595713207  5.656852771435727  -0.004089290883686805
8  0.0  66.53713786752833  7.235718211239712  5.654407289364847  -0.16636768309271466
9  0.0  68.64041924327329  4.708964722082408  5.656644274343805  0.04873965052671873
10  0.0  64.03512065282433  10.584597756881454  5.655466671128728  0.125286598453687
10
83.0
1  0.0  76.05134589436085  7.587864868838248  5.652210785544042  -0.22915766576671445
2  0.0  75.9598173258755  5.783099457422957  5.653708034232589  -0.18864109746793475
3  0.0  71.30233760819722  15.085180807988516  5.651174869837761  0.25342176408941147
4  0.0  69.56299368330738  12.696983186364044  5.654987004604647  -0.14533402131837264
5  0.0  73.7432576246486  7.346368018096329  5.656351060159898  -0.07544987891298524
6  0.0  74.68845784511504  4.758567319544129  5.655608660613483  -0.11870416165336597
7  0.0  78.77255015401772  7.19761230482952  5.655401595428695  -0.12819046151163072
8  0.0  72.19154515689317  7.069350528146997  5.653213954335538  -0.20290881327803928
9  0.0  74.29706351761709  4.757704372609127  5.655712768260634  0.11363574672456772
10  0.0  69.69058732395305  10.709884355335141  5.6528330219495055  0.21325765157942148
10
84.0
1  0.0  81.70355667990489  7.358707203071534  5.656812484093662  0.021737520607132063
2  0.0  81.6135253601081  5.594458359955023  5.653296987980036  -0.20058206723405936
3  0.0  76.95351247803498  15.338602572077928  5.652556061881691  -0.22047668195204442
4  0.0  75.21798068791203  12.55164916504567  5.65336485276382  -0.19866011561134872
5  0.0  79.3996086848085  7.270918139183344  5.650401109707111  -0.2701245998065276
6  0.0  80.34406650572852  4.639863157890763  5.65672816441963  -0.03776868890747879
7  0.0  84.42795174944642  7.0694218433178895  5.655733058946118  -0.11262133875949616
8  0.0  77.84475911122871  6.866441714868958  5.653297026013177  0.20058099528751627
9  0.0  79.95277628587772  4.871340119333695  5.650514278573362  -0.2677468723226781
10  0.0  75.34342034590256  10.923142006914563  5.654960176415675  0.14637418882010034
10
85.0
1  0.0  87.36036916399856  7.380444723678666  5.656693862680279  -0.04259746371935001
2  0.0  87.26682234808814  5.393876292720964  5.650298174930288  0.272269231422666
3  0.0  82.60606853991668  15.118125890125883  5.654081992519705  -0.1770785753964103
4  0.0  80.87134554067585  12.352989049434322  5.656625286361096  0.05089567467141036
5  0.0  85.0500097945156  7.000793539376817  5.655693563451505  -0.11458759240513415
6  0.0  86.00079467014815  4.602094468983284  5.650450712005983  0.269085025951176
7  0.0  90.08368480839253  6.956800504558394  5.655038783370789  0.14330512402640433
8  0.0  83.49805613724189  7.067022710156474  5.656612179890297  -0.05233207732068688
9  0.0  85.60329056445109  4.603593247011017  5.6512560675896495  -0.2516045677868172
10  0.0  80.99838052231823  11.069516195734664  5.654654783107334  0.1577316831879068
10
86.0
1  0.0  93.01706302667884  7.337847259959316  5.656486334429187  0.06451626473936475
2  0.0  92.91712052301843  5.66614552414363  5.65621911760577  0.08476611133610339
3  0.0  88.26015053243638  14.941047314729474  5.649807522607122  0.282267528228096
4  0.0  86.52797082703694  12.403884724105733  5.653404109164229  0.1975398149361693
5  0.0  90.70570335796711  6.886205946971683  5.650766330107606  0.26237355530276296
6  0.0  91.65124538215413  4.87117949493446  5.656740959963134  0.035801003832686064
7  0.0  95.73872359176332  7.100105628584798  5.651498760005494  -0.2460930020467017
8  0.0  89.15466831713219  7.014690632835787  5.652275045907279  0.22756714484699767
9  0.0  91.25454663204073  4.3519886792242  5.655984283955766  0.0992057440141713
10  0.0  86.65303530542556  11.22724787892257  5.6557727069296275  -0.11061233000827433
10
87.0
1  0.0  98.67354936110803  7.402363524698681  5.654928986359724  0.1475742498833842
2  0.0  98.5733396406242  5.750911635479733  5.654687878906047  0.15654070446076013
3  0.0  93.9099580550435  15.22331484295757  5.656379865069  -0.07325859705199417
4  0.0  92.18137493620117  12.601424539041902  5.656277773466538  0.08075734881993604
5  0.0  96.35646968807471  7.148579502274446  5.655603650470236  -0.11894262813530776
6  0.0  97.30798634211726  4.906980498767147  5.650728059795156  -0.26319649360074565
7  0.0  1.3902223517688128  6.854012626538096  5.656840106063499  -0.012649681083066789
8  0.0  94.80694336303947  7.242257777682785  5.656063472007647  0.09458329990414951
9  0.0  96.91053091599649  4.4511944232383716  5.652882154747007  -0.21195127870070088
10  0.0  92.30880801235519  11.116635548914296  5.653004314078993  -0.2086677382928215
10
88.0
1  0.0  4.328478347467751  7.549937774582065  5.65501119738307  0.14438960306115148
2  0.0  4.228027519530244  5.907452339940494  5.6536488599697625  0.19040632385148787
3  0.0  99.5663379201125  15.150056245905576  5.650005946136008  0.2782675127063453
4  0.0  97.83765270966771  12.682181887861839  5.65440695536403  0.16637903452923933
5  0.0  2.012073338544951  7.029636874139138  5.652706343175299  0.21658946840909796
6  0.0  2.9587144019124167  4.643784005166401  5.656656860391403  -0.04725636239618936
7  0.0  7.047062457832312  6.841362945455029  5.654756686156965  -0.1540351270428576
8  0.0  0.4630068350471106  7.336841077586935  5.656827452232448  0.017411940423557717
9  0.0  2.5634130707434934  4.239243144537671  5.6525606809008275  -0.22035822819671638
10  0.0  97.96181232643418  10.907967810621475  5.653096087053771  -0.20616651167755462
10
89.0
1  0.0  9.983489544850821  7.694327377643217  5.652049194573575  0.23310920642534322
2  0.0  9.881676379500007  6.097858663791982  5.653783167151548  -0.18637569271190735
3  0.0  5.216343866248508  15.42832375861192  5.654537740754998  0.16187321698598334
4  0.0  3.492059665031732  12.848560922391078  5.653650556339236  -0.1903559476482184
5  0.0  7.66477968172025  7.246226342548236  5.654164193549481  0.17443414913070845
6  0.0  8.615371262303821  4.596527642770211  5.650369165388283  0.27079197704025887
7  0.0  12.701819143989276  6.687327818412172  5.653784546971786  0.186333830591883
8  0.0  6.119834287279558  7.354253018010493  5.650777846362646  -0.2621254109335584
9  0.0  8.21597375164432  4.018884916340954  5.652985033129903  0.20918942422915865
10  0.0  3.614908413487953  10.70180129894392  5.655815093812929  0.10842335817431048
10
90.0
1  0.0  15.635538739424396  7.92743658406856  5.654510237081135  -0.16283113567342156
2  0.0  15.535459546651555  5.9114829710800745  5.655184593303447  0.1374307668004834
3  0.0  10.870881607003506  15.590196975597904  5.65679401330065  0.026105384232923336
4  0.0  9.145710221370969  12.65820497474286  5.654564850320881  -0.16092343991970454
5  0.0  13.318943875269731  7.4206604916789445  5.652625397267046  0.21869183380174023
6  0.0  14.265740427692105  4.86731961981047  5.6552415807670995  0.1350654032789007
7  0.0  18.35560369096106  6.873661649004054  5.650214551692479  0.27399912379888713
8  0.0  11.770612133642205  7.092127607076934  5.656556895031484  -0.058000804061079526
9  0.0  13.868958784774224  4.228074340570113  5.654135207803982  0.17537118312722513
10  0.0  9.270723507300882  10.81022465711823  5.654697246501162  0.15620195393182426
10
91.0
1  0.0  21.29004897650553  7.764605448395138  5.656401328618696  0.07158218773348804
2  0.0  21.190644139955  6.048913737880558  5.6565824687607895  -0.05545064569622444
3  0.0  16.527675620304155  15.616302359830827  5.655707097306625  -0.1139176433898467
4  0.0  14.80027507169185  12.497281534823156  5.654964450191362  -0.14620898423801235
5  0.0  18.971569272536776  7.639352325480685  5.654689134065895  0.15649535800498432
6  0.0  19.920982008459205  5.002385023089371  5.6505866165823635  -0.26621586823539745
7  0.0  24.00581824265354  7.147660772802942  5.6553456330619065  0.13063602339180821
8  0.0  17.42716902867369  7.034126803015854  5.656768920665169  -0.031070535827040918
9  0.0  19.523093992578204  4.403445523697338  5.654938744796385  0.147199838996875
10  0.0  14.925420753802044  10.966426611050053  5.655231198484285  0.13549941582880723
10
92.0
1  0.0  26.946450305124227  7.836187636128626  5.6566354561692425  -0.04975254776437978
2  0.0  26.84722660871579  5.993463092184334  5.6559758462083325  0.09968564143333149
3  0.0  22.18338271761078  15.50238471644098  5.654824184499716  0.1515369341023875
4  0.0  20.45523952188321  12.351072550585144  5.655925546849013  0.10249979756418542
5  0.0  24.62625840660267  7.795847683485669  5.653815140707352  0.18540322194693742
6  0.0  25.571568625041568  4.7361691548539735  5.652738201880372  -0.21575639272642028
7  0.0  29.661163875715445  7.27829679619475  5.654764949543045  -0.15373147179235128
8  0.0  23.083937949338857  7.003056267188813  5.65620633094644  0.08561507905364964
9  0.0  25.17803273737459  4.550645362694214  5.656255954548479  -0.08227135974866763
10  0.0  20.580651952286328  11.10192602687886  5.656487676873728  0.06439845786664192
10
93.0
1  0.0  32.60308576129347  7.786435088364247  5.651952430674141  0.2354436692644907
2  0.0  32.50320245492412  6.0931487336176655  5.654970524956551  0.1459738396859629
3  0.0  27.838206902110496  15.653921650543367  5.65679204682204  -0.026528079669345398
4  0.0  26.111165068732223  12.45357234814933  5.650174386779769  -0.27482612499154535
5  0.0  30.28007354731002  7.981250905432606  5.655554211341954  -0.12127061710194627
6  0.0  31.22430682692194  4.520412762127553  5.655955762065948  -0.1008187361211837
7  0.0  35.31592882525849  7.124565324402399  5.656753735541806  -0.033722031875665706
8  0.0  28.740144280285296  7.088671346242463  5.656599461690068  0.05368919823932251
9  0.0  30.83428869192307  4.468374002945546  5.65684406857103  -0.010732374983075598
10  0.0  26.237139629160055  11.166324484745502  5.656496397582574  -0.0636278565984646
10
94.0
1  0.0  38.255038191967614  8.021878757628738  5.65550800612485  0.12340661512975129
2  0.0  38.158172979880675  6.239122573303629  5.65684826920057  -0.008225523845670542
3  0.0  33.49499894893253  15.627393570874021  5.65601840396973  -0.09724100963961503
4  0.0  31.761339455511994  12.178746223157784  5.655892827236543  -0.10428962946634462
5  0.0  35.935627758651975  7.85998028833066  5.651077302015433  0.2555881973917647
6  0.0  36.88026258898789  4.4195940260063695  5.652450538337987  -0.22316565964027738
7  0.0  40.972682560800294  7.090843292526733  5.656815887457811  -0.02083303638218022
8  0.0  34.396743741975364  7.142360544481785  5.653486254077784  0.19517472929019858
9  0.0  36.491132760494104  4.45764162796247  5.656339158973262  0.07633687618491822
10  0.0  31.893636026742627  11.102696628147037  5.6567686935519585  -0.031111857071224158
10
95.0
1  0.0  43.91054619809246  8.145285372758488  5.65045124225405  0.26907389117068004
2  0.0  43.81502124908125  6.230897049457958  5.652826903549159  0.2134197706653481
3  0.0  39.151017352902265  15.530152561234406  5.654104161360464  -0.1763693070982317
4  0.0  37.417232282748536  12.074456593691439  5.656155022374289  0.08894022076714359
5  0.0  41.586705060667406  8.115568485722426  5.655012588151441  0.14433512340640964
6  0.0  42.53271312732588  4.196428366366092  5.655623804139299  -0.1179804477572211
7  0.0  46.629498448258104  7.070010256144553  5.6553719773005815  -0.12949053387532894
8  0.0  40.05022999605315  7.337535273771984  5.650956619928409  0.2582426759605098
9  0.0  42.147471919467364  4.533978504147388  5.656127093044944  0.09069899295458116
10  0.0  37.55040472029459  11.071584771075813  5.65640712487279  -0.07112269460787222
10
96.0
1  0.0  49.56099744034651  8.414359263929168  5.651096081149761  0.2551726505993382
2  0.0  49.46784815263041  6.444316820123307  5.656451692033898  0.06748522569327468
3  0.0  44.80512151426273  15.353783254136173  5.653480637278351  -0.19533735925006562
4  0.0  43.07338730512282  12.163396814458583  5.655308443346593  -0.13223619252208235
5  0.0  47.24171764881885  8.259903609128836  5.656220768903847  0.08465585284422608
6  0.0  48.18833693146517  4.078447918608871  5.65064660707688  -0.2649394684274477
7  0.0  52.28487042555869  6.940519722269224  5.656082470840382  -0.09344026461951575
8  0.0  45.701186615981555  7.5957779497324935  5.65684852076775  0.008050657592820698
9  0.0  47.80359901251231  4.6246774971019695  5.651735342485626  0.2405984590534816
10  0.0  43.20681184516738  11.00046207646794  5.6546991216063445  -0.15613405811795242
10
97.0
1  0.0  55.21209352149627  8.669531914528505  5.650781417693134  -0.26204841051616923
2  0.0  55.12429984466431  6.511802045816581  5.6558553056932315  0.10630503780041924
3  0.0  50.45860215154108  15.158445894886107  5.655733861063156  0.11258105002030593
4  0.0  48.72869574846941  12.0311606219365  5.653467525019117  0.1957164876913181
5  0.0  52.8979384177227  8.344559461973063  5.65658699949776  0.05498651755593725
6  0.0  53.83898353854205  3.813508450181424  5.656086976724715  0.09316711718814602
7  0.0  57.94095289639907  6.847079457649708  5.649848203477321  0.28145208768827856
8  0.0  51.35803513674931  7.6038286073253145  5.65271893602811  -0.2162605610581467
9  0.0  53.45533435499793  4.865275956155451  5.656672806800241  -0.045307359299706126
10  0.0  48.86151096677372  10.844328018349987  5.656238102370256  0.08348969574068078
10
98.0
1  0.0  60.8628749391894  8.407483504012337  5.652156457214906  -0.23049378118275268
2  0.0  60.78015515035754  6.618107083617001  5.652115873555456  0.23148682878831092
3  0.0  56.114336012604234  15.271026944906414  5.65583561965579  0.10734730286701911
4  0.0  54.38216327348853  12.226877109627818  5.653551380653884  -0.19327903742147284
5  0.0  58.55452541722046  8.399545979529  5.656824622350928  0.018308248531095247
6  0.0  59.49507051526677  3.90667556736957  5.652876607162239  0.21209918481222456
7  0.0  63.59080109987639  7.128531545337987  5.653236353403482  0.20228379212706257
8  0.0  57.01075407277742  7.387568046267168  5.656196035108735  -0.08629259771369484
9  0.0  59.112007161798175  4.8199685968557455  5.656824612485176  -0.018311296567276737
10  0.0  54.517749069143974  10.927817714090668  5.6554937421651035  -0.1240585842709643
10
99.0
1  0.0  66.51503139640431  8.176989722829584  5.656083995873535  0.09334790636826915
2  0.0  66.43227102391299  6.849593912405312  5.656312113578027  -0.07831522068214447
3  0.0  61.77017163226002  15.378374247773433  5.654530338385674  0.16213158938349484
4  0.0  60.03571465414241  12.033598072206345  5.65373235714709  0.18791070684772146
5  0.0  64.21135003957139  8.417854228060095  5.656529936984323  0.06057286521315421
6  0.0  65.147947122429  4.118774752181794  5.654876538565567  -0.149570497026628
7  0.0  69.24403745327987  7.330815337465049  5.651207985462065  0.2526822214754896
8  0.0  62.66695010788615  7.301275448553473  5.6540079527780565  0.17942706017332868
9  0.0  64.76883177428336  4.801657300288468  5.656854156872223  -0.0010236588725046
10  0.0  60.17324281130908  10.803759129819705  5.651540421277067  0.2451343849226145
10
100.0
1  0.0  72.17111539227784  8.270337629197853  5.654240377762632  0.17194694088223778
2  0.0  72.08858313749101  6.771278691723167  5.6551902792403625  -0.13719659465647985
3  0.0  67.4247019706457  15.540505837156928  5.656065655201842  -0.0944526550509645
4  0.0  65.6894470112895  12.221508779054068  5.649871196950783  0.2809901383784412
5  0.0  69.86787997655571  8.47842709327325  5.656853982501864  0.001738002533194032
6  0.0  70.80282366099456  3.9692042551551663  5.649998087711753  -0.27842702608334524
7  0.0  74.89524543874194  7.583497558940539  5.65179780939742  0.2391265808949755
8  0.0  68.32095806066421  7.480702508726802  5.656607179089677  -0.05286985408615967
9  0.0  70.42568593115558  4.800633641415963  5.654828984768257  -0.15135769892817744
10  0.0  65.82478323258614  11.04889351474232  5.650196049839183  0.27438038993640407
10
101.0
1  0.0  77.82535577004047  8.44228457008009  5.651567869878826  0.24450074059884974
2  0.0  77.74377341673137  6.634082097066687  5.653693889803955  -0.18906454028572883
3  0.0  73.08076762584754  15.446053182105963  5.654133285808269  -0.1754331391584989
4  0.0  71.33931820824029  12.502498917432508  5.656612260353597  -0.0523233792617812
5  0.0  75.52473395905757  8.480165095806445  5.656465265597488  0.0663377651804967
6  0.0  76.45282174870631  3.690777229071821  5.655127717500368  -0.13975156084691778
7  0.0  80.54704324813936  7.822624139835514  5.653579584682016  0.19245227893357442
8  0.0  73.97756523975389  7.427832654640643  5.656341317643077  0.07617675710968666
9  0.0  76.08051491592384  4.649275942487786  5.656636183270915  -0.04966981085421448
10  0.0  71.47497928242532  11.323273904678723  5.656841842638018  0.01184767401921664
