10
0.0
1  0.0  9.342330472747157  8.70032988649353  5.50396405883352  1.3062846699968769
2  0.0  7.075325208485225  6.826276732253067  5.627441628927824  0.5761082476498384
3  0.0  7.118692617769954  6.3054917932256425  1.9340150263364535  5.315974593421682
4  0.0  9.977999822950265  3.9623733980904063  1.8459192143814673  5.347203217942751
5  0.0  1.059506075436345  9.599804284903884  1.9136018685350176  5.3233568252315475
6  0.0  4.852453466474783  8.763688050437677  5.409004707026667  1.6561002624730694
7  0.0  0.354115288914445  5.13415519013644  0.3221572128882196  5.647673390891518
8  0.0  4.973141898484791  6.082715576339299  2.4961869722030396  5.076322546864396
9  0.0  4.84125539766798  0.7377136849610666  1.1610062545574298  5.5364306621575725
10  0.0  2.246049119241241  8.334372181845424  4.885165558712481  2.852219743282305
10
1.0
1  0.0  14.846294531580678  10.006614556490407  5.655628969476067  -0.11773257672830607
2  0.0  12.702766837413048  7.402384979902905  5.650062970882692  -0.27710724469102904
3  0.0  9.052707644106407  11.621466386647324  5.656743155398261  0.03545241677159817
4  0.0  11.823919037331732  9.309576616033159  5.651355230748369  0.24936731119585304
5  0.0  2.9731079439713626  14.923161110135432  5.655636373955979  0.1173763416795593
6  0.0  10.261458173501449  10.419788312910747  5.65621030668383  -0.08535201558030305
7  0.0  0.6762725018026645  10.781828581027959  5.65682707236003  0.017534919864559642
8  0.0  7.46932887068783  11.159038123203695  5.656286978214424  -0.0801100498186352
9  0.0  6.0022616522254095  6.274144347118639  5.65257684407792  0.2199432240240752
10  0.0  7.131214677953722  11.186591925127729  5.656843207027155  0.011177258641436002
10
2.0
1  0.0  20.501923501056744  9.8888819797621  5.656804536963745  -0.023715619038901244
2  0.0  18.352829808295738  7.125277735211876  5.6549415599533495  0.1470916500430283
3  0.0  14.709450799504669  11.656918803418922  5.652085307150778  -0.23223195449876732
4  0.0  17.475274268080103  9.558943927229011  5.65500057317257  0.1448051014913194
5  0.0  8.628744317927342  15.040537451814991  5.652699675687031  -0.21676341132153454
6  0.0  15.917668480185279  10.334436297330443  5.650480295420355  -0.26846309069648383
7  0.0  6.333099574162694  10.799363500892518  5.655769808814894  -0.11076041575373527
8  0.0  13.125615848902253  11.07892807338506  5.653778744352428  0.18650981182954754
9  0.0  11.65483849630333  6.494087571142715  5.653526400771524  0.19400833945835716
10  0.0  12.788057884980876  11.197769183769164  5.6549074004335065  0.14839909879228882
10
3.0
1  0.0  26.158728038020488  9.8651663607232  5.656018542985485  0.0972329234588824
2  0.0  24.007771368249088  7.272369385254904  5.652469417347539  0.22268696852483208
3  0.0  20.361536106655446  11.424686848920155  5.655697102950148  -0.11441276013334997
4  0.0  23.13027484125267  9.703749028720331  5.655414624113983  0.12761437755086888
5  0.0  14.281443993614374  14.823774040493456  5.652117761754862  -0.23144072082332037
6  0.0  21.568148775605636  10.06597320663396  5.651811756645257  -0.23879670736100658
7  0.0  11.988869382977589  10.688603085138784  5.655946144512717  -0.10135684669395459
8  0.0  18.77939459325468  11.265437885214606  5.656846159847385  -0.009566808240087167
9  0.0  17.308364897074853  6.6880959106010724  5.656661692145638  0.046674410676989894
10  0.0  18.44296528541438  11.346168282561454  5.65657145366913  -0.0565631464427631
10
4.0
1  0.0  31.814746581005974  9.962399284182082  5.654130036420135  0.17553783424563274
2  0.0  29.660240785596628  7.495056353779736  5.654938932606627  -0.14719262376160233
3  0.0  26.017233209605592  11.310274088786805  5.6568303821965555  -0.01643250005317876
4  0.0  28.785689465366655  9.8313634062712  5.656374102726149  -0.07370217099219376
5  0.0  19.933561755369237  14.592333319670136  5.655899790238753  -0.10391132169905787
6  0.0  27.219960532250894  9.827176499272953  5.656787578007221  -0.027464473473959354
7  0.0  17.644815527490305  10.587246238444829  5.651062397794468  0.2559175184184206
8  0.0  24.436240753102062  11.255871076974518  5.655548013531488  -0.1215593132591836
9  0.0  22.965026589220493  6.734770321278062  5.65161039746402  -0.24351573927897166
10  0.0  24.09953673908351  11.289605136118691  5.651488484647995  -0.24632886126296655
10
5.0
1  0.0  37.468876617426105  10.137937118427715  5.652668703290775  0.21756959998351863
2  0.0  35.315179718203254  7.347863730018134  5.65065006159002  0.2648657800711552
3  0.0  31.67406359180215  11.293841588733626  5.655068329549874  -0.14213440161348997
4  0.0  34.442063568092806  9.757661235279006  5.654032923970635  -0.17863844674669238
5  0.0  25.58946154560799  14.488421997971077  5.65685380352844  0.0022462203434089633
6  0.0  32.87674811025811  9.799712025798994  5.650403307477538  0.27007862345418204
7  0.0  23.295877925284774  10.84316375686325  5.655849176318241  0.10663064634654414
8  0.0  30.09178876663355  11.134311763715335  5.656696732949148  -0.042214588028842814
9  0.0  28.61663698668451  6.49125458199909  5.651727811246445  0.2407753051777939
10  0.0  29.751025223731506  11.043276274855724  5.651664139946037  -0.2422652456462332
10
6.0
1  0.0  43.121545320716876  10.355506718411233  5.65681748390677  -0.020394944635504064
2  0.0  40.965829779793275  7.61272951008929  5.650897897004305  -0.2595244836856764
3  0.0  37.32913192135202  11.151707187120136  5.654747040956526  0.15438880397697852
4  0.0  40.09609649206344  9.579022788532313  5.656840478464002  0.01248203553818943
5  0.0  31.24631534913643  14.490668218314486  5.652811611277721  0.21382443126030942
6  0.0  38.52715141773565  10.069790649253177  5.652824375253828  0.21348672683838973
7  0.0  28.951727101603016  10.949794403209793  5.653771568304624  0.1867272166296923
8  0.0  35.7484854995827  11.092097175686492  5.653728988926192  -0.18801202029557812
9  0.0  34.26836479793096  6.732029887176885  5.65152375368109  -0.24551835283416795
10  0.0  35.402689363677545  10.80101102920949  5.653061324059278  -0.20711751839273465
10
7.0
1  0.0  48.77836280462365  10.33511177377573  5.654839609346726  -0.15096023504013334
2  0.0  46.61672767679758  7.3532050264036135  5.652979258414643  -0.20934541775216023
3  0.0  42.98387896230855  11.306095991097115  5.656849548292753  0.007293008988126504
4  0.0  45.75293697052744  9.591504824070503  5.655503641829798  0.12360646119808909
5  0.0  36.89912696041415  14.704492649574796  5.656852653864498  -0.004248819388440682
6  0.0  44.17997579298948  10.283277376091567  5.656662230848749  -0.04660907732683259
7  0.0  34.60549866990764  11.136521619839487  5.652445757676218  0.2232867137294923
8  0.0  41.40221448850889  10.904085155390915  5.652421533606462  0.22389909875205743
9  0.0  39.91988855161205  6.486511534342717  5.6551279403771  0.13974254171965347
10  0.0  41.055750687736825  10.593893510816756  5.656262751521173  0.08180272461314209
10
8.0
1  0.0  54.43320241397037  10.184151538735597  5.655211467477108  0.1363204244250369
2  0.0  52.26970693521223  7.143859608651454  5.650170663148466  -0.2749026687691791
3  0.0  48.640728510601306  11.313389000085241  5.652240224003534  0.22843040549915092
4  0.0  51.40844061235724  9.715111285268591  5.6520699277270285  -0.23260595883125432
5  0.0  42.55597961427865  14.700243830186356  5.656844870124705  0.010301230209171874
6  0.0  49.83663802383823  10.236668298764734  5.650409121991337  0.26995694863643194
7  0.0  40.25794442758386  11.35980833356898  5.6518644481004525  0.23754633295035027
8  0.0  47.05463602211535  11.127984254142971  5.656607403513745  0.05284583723899567
9  0.0  45.575016491989146  6.62625407606237  5.656706469047459  -0.04088915548931616
10  0.0  46.712013439258  10.675696235429898  5.653964120956055  -0.18080298377412196
10
9.0
1  0.0  60.08841388144748  10.320471963160633  5.656404098512736  0.07136297589313027
2  0.0  57.91987759836069  6.868956939882274  5.656670396146515  -0.04560733887899147
3  0.0  54.29296873460484  11.541819405584391  5.655060877711198  -0.14243057740625947
4  0.0  57.060510540084266  9.482505326437337  5.651116325977356  -0.25472390989504146
5  0.0  48.212824484403356  14.710545060395528  5.656835151775679  -0.014699171236676356
6  0.0  55.48704714582957  10.506625247401166  5.656825985062884  -0.01788224586958694
7  0.0  45.90980887568431  11.59735466651933  5.651692421139687  -0.24160458777144178
8  0.0  52.7112434256291  11.180830091381967  5.655834461241857  -0.10740831917983783
9  0.0  51.2317229610366  6.585364920573054  5.652841890538432  0.21302244147950156
10  0.0  52.365977560214056  10.494893251655776  5.656330035368349  0.0770099408511184
10
10.0
1  0.0  65.74481797996022  10.391834939053764  5.655154355851975  0.13866943242272067
2  0.0  63.57654799450721  6.823349601003283  5.654442999327147  0.1651495303057453
3  0.0  59.94802961231604  11.399388828178132  5.653902491268889  -0.18272005698192528
4  0.0  62.71162686606162  9.227781416542296  5.655800599466517  0.1091768248037299
5  0.0  53.86965963617904  14.695845889158852  5.652186882102251  -0.22974649026971128
6  0.0  61.14387313089246  10.48874300153158  5.650093906725523  0.27647575876219965
7  0.0  51.561501296824  11.355750078747889  5.65684943445925  -0.007380776250141017
8  0.0  58.36707788687096  11.07342177220213  5.654369735429298  -0.16763918116364576
9  0.0  56.884564851575036  6.798387362052555  5.656345518391498  0.07586419822566978
10  0.0  58.022307595582404  10.571903192506895  5.652566928568254  -0.22019790656695112
10
11.0
1  0.0  71.3999723358122  10.530504371476484  5.656839548674592  0.012896532520026698
2  0.0  69.23099099383435  6.9884991313090286  5.650867785986747  0.26017929452059935
3  0.0  65.60193210358493  11.216668771196208  5.651013062373518  0.2570046086822162
4  0.0  68.36742746552814  9.336958241346025  5.655895954261148  0.10411990478488593
5  0.0  59.521846518281286  14.46609939888914  5.652074310608398  0.23249943518343996
6  0.0  66.79396703761799  10.765218760293779  5.6559263555777415  -0.10245516229606248
7  0.0  57.21835073128325  11.348369302497748  5.656429728211347  0.0693017301868893
8  0.0  64.02144762230026  10.905782591038484  5.656095182724547  -0.09266759930080233
9  0.0  62.54091036996653  6.874251560278225  5.652222953812046  0.22885733634783034
10  0.0  63.67487452415066  10.351705285939943  5.654063074282069  -0.17768160298693597
10
12.0
1  0.0  77.05681188448679  10.54340090399651  5.656429978131152  0.06928132864790829
2  0.0  74.8818587798211  7.2486784258296275  5.652426639383941  0.22377016419256457
3  0.0  71.25294516595845  11.473673379878424  5.650556178868569  -0.266861142638389
4  0.0  74.02332341978929  9.441078146130911  5.6567892356001686  -0.027120914403934705
5  0.0  65.17392082888969  14.69859883407258  5.6567792083867  -0.029137391166126698
6  0.0  72.44989339319574  10.662763597997717  5.65041271630292  -0.2698817063868615
7  0.0  62.8747804594946  11.417671032684638  5.656683837235693  0.04390860458351314
8  0.0  69.6775428050248  10.813114991737683  5.655286333918566  0.13317838185648018
9  0.0  68.19313332377858  7.103108896626055  5.651592345877183  0.24393432727363903
10  0.0  69.32893759843273  10.174023682953006  5.654035686630449  -0.17855098518169565
10
13.0
1  0.0  82.71324186261795  10.612682232644419  5.652540348190659  -0.22087917981701324
2  0.0  80.53428541920505  7.472448590022192  5.650573380594031  0.26649666137148226
3  0.0  76.90350134482702  11.206812237240035  5.655357235414002  -0.13013277777150065
4  0.0  79.68011265538946  9.413957231726977  5.6535754215205705  -0.19257453927907459
5  0.0  70.83070003727639  14.669461442906453  5.6568540444481865  -0.0015230923228150104
6  0.0  78.10030610949866  10.392881891610855  5.652323415392549  -0.22636255831108665
7  0.0  68.53146429673029  11.461579637268152  5.650294002404108  -0.2723558084494904
8  0.0  75.33282913894337  10.946293373594163  5.656790872579991  -0.026777301874951916
9  0.0  73.84472566965576  7.347043223899694  5.654062697285913  -0.17769359909671706
10  0.0  74.98297328506318  9.99547269777131  5.656849876247707  0.0070340312987712175
10
14.0
1  0.0  88.3657822108086  10.391803052827406  5.650764986250908  0.26240249648350145
2  0.0  86.18485879979907  7.738945251393674  5.654293473350707  0.17019200105642387
3  0.0  82.55885858024102  11.076679459468535  5.655024751286217  0.14385778512224037
4  0.0  85.33368807691004  9.221382692447902  5.65684136433883  -0.01207388525872684
5  0.0  76.48755408172457  14.667938350583638  5.6566930303061715  -0.04270785508089862
6  0.0  83.7526295248912  10.16651933329977  5.6555051082843795  -0.12353934664435587
7  0.0  74.1817582991344  11.189223828818662  5.656515507608784  -0.06190567164118933
8  0.0  80.98962001152336  10.91951607171921  5.653217781142529  0.20280216708393692
9  0.0  79.49878836694167  7.169349624802977  5.652663915083809  0.21769396663524157
10  0.0  80.63982316131089  10.002506729070081  5.653489956915604  0.19506744232291887
10
15.0
1  0.0  94.01654719705951  10.654205549310907  5.656675628292629  0.04495371264081002
2  0.0  91.83915227314978  7.909137252450098  5.656815889714954  -0.020832423488381414
3  0.0  88.21388333152724  11.220537244590775  5.655285365411734  -0.1332195021755414
4  0.0  90.99052944124887  9.209308807189174  5.652845388273317  0.21292960404116615
5  0.0  82.14424711203074  14.62523049550274  5.654719873081516  0.155380684053674
6  0.0  89.40813463317558  10.042979986655414  5.654755460319214  0.1540801219822517
7  0.0  79.83827380674319  11.127318157177472  5.656767353985724  -0.03135447147313815
8  0.0  86.64283779266589  11.122318238803146  5.656068774198426  0.09426569650472871
9  0.0  85.15145228202547  7.387043591438219  5.654325773740894  -0.16911547655212097
10  0.0  86.2933131182265  10.197574171393  5.656753270228636  -0.03379999641479364
10
16.0
1  0.0  99.67322282535214  10.699159261951717  5.651519399059273  0.24561857026030454
2  0.0  97.49596816286473  7.888304828961716  5.651278762359989  0.25109430519016745
3  0.0  93.86916869693897  11.087317742415234  5.654971307128682  -0.14594353549010652
4  0.0  96.64337482952219  9.42223841123034  5.653207750192874  0.2030815923693124
5  0.0  87.79896698511226  14.780611179556413  5.654582249949275  -0.1603108809738629
6  0.0  95.06289009349479  10.197060108637666  5.654654289865261  -0.15774936484315188
7  0.0  85.49504116072892  11.095963685704334  5.65684617619184  -0.00955713889054227
8  0.0  92.29890656686432  11.216583935307876  5.655247544731976  0.13481545832343186
9  0.0  90.80577805576637  7.217928114886098  5.656852737519854  -0.004135941747007464
10  0.0  91.95006638845513  10.163774174978206  5.65466621108161  0.1573214583327958
10
17.0
1  0.0  5.324742224411409  10.944777832212022  5.651253341560025  0.2516657893052904
2  0.0  3.147246925224721  8.139399134151883  5.6558121480432355  0.10857691304570671
3  0.0  99.52414000406765  10.941374206925127  5.656542276832759  -0.059409346097159484
4  0.0  2.2965825797150643  9.625320003599652  5.656760874943799  -0.032502364607675874
5  0.0  93.45354923506153  14.62030029858255  5.653634172279551  -0.19084193992132406
6  0.0  0.7175443833600497  10.039310743794514  5.656430644959285  -0.06922686447840215
7  0.0  91.15188733692075  11.086406546813791  5.653845206532611  -0.18448409299511512
8  0.0  97.9541541115963  11.351399393631308  5.656810427177787  -0.022266364154831526
9  0.0  96.46263079328622  7.21379217313909  5.656575788197465  -0.05612799994863602
10  0.0  97.60473259953673  10.321095633311002  5.65141513364344  -0.2480060225597234
10
18.0
1  0.0  10.975995565971434  11.196443621517313  5.65272130675361  0.21619858504107156
2  0.0  8.803059073267956  8.24797604719759  5.65183325285676  -0.23828739350319525
3  0.0  5.180682280900413  10.881964860827967  5.654915553655538  -0.1480880853570075
4  0.0  7.953343454658864  9.592817638991976  5.654632765498753  0.15851904411757967
5  0.0  99.10718340734108  14.429458358661226  5.654364897828548  -0.16780227115383178
6  0.0  6.373975028319335  9.970083879316112  5.656716036336817  0.039543447622934
7  0.0  96.80573254345336  10.901922453818676  5.6556840451432056  -0.11505642751539225
8  0.0  3.610964538774084  11.329133029476477  5.656852606611878  0.0043112722500141965
9  0.0  2.119206581483695  7.1576641731904544  5.656106388084901  -0.09198112124332666
10  0.0  3.256147733180171  10.073089610751278  5.6567766676461355  0.029626548470678082
10
19.0
1  0.0  16.628716872725043  11.412642206558385  5.656545863285275  0.059066882008860094
2  0.0  14.454892326124718  8.009688653694393  5.656743761353719  0.03535559907213176
3  0.0  10.835597834555951  10.733876775470959  5.653612297004162  -0.19148889044368725
4  0.0  13.607976220157617  9.751336683109555  5.650095111058528  0.27645114576094526
5  0.0  4.761548305169626  14.261656087507394  5.656406005233018  0.07121168418086354
6  0.0  12.030691064656153  10.009627326939047  5.656335786741341  0.07658634100963077
7  0.0  2.4614165885965633  10.786866026303283  5.6506937003793665  0.26393314398339085
8  0.0  9.267817145385962  11.333444301726491  5.6516903290701705  0.24165352117175684
9  0.0  7.7753129695685965  7.065683051947127  5.655286075328039  0.13318936219076377
10  0.0  8.912924400826306  10.102716159221956  5.655254212400827  0.13453547161513157
10
20.0
1  0.0  22.285262736010317  11.471709088567245  5.656759684156207  -0.03270895450745738
2  0.0  20.111636087478438  8.045044252766525  5.6551736156419725  0.1378817498687723
3  0.0  16.489210131560114  10.542387885027273  5.655699566575247  0.11429091232721017
4  0.0  19.258071331216144  10.0277878288705  5.656317909245955  -0.07789550400056582
5  0.0  10.417954310402644  14.332867771688257  5.6568457982441  -0.009778286562523112
6  0.0  17.687026851397494  10.086213667948677  5.65405307985332  -0.17799935449661403
7  0.0  8.11211028897593  11.050799170286673  5.65421496572059  -0.17278055857449656
8  0.0  14.919507474456132  11.575097822898249  5.655868034006719  0.10562566875989206
9  0.0  13.430599044896635  7.198872414137891  5.656853227770863  -0.0033999203482994026
10  0.0  14.568178613227133  10.237251630837088  5.650079974011021  -0.2767603426786844
10
21.0
1  0.0  27.942022420166523  11.439000134059787  5.656551648777917  -0.05851021028709156
2  0.0  25.76680970312041  8.182926002635297  5.656207725189416  0.08552291802516987
3  0.0  22.14490969813536  10.656678797354482  5.653447892230281  0.19628278028654925
4  0.0  24.9143892404621  9.949892324869934  5.654154682836107  0.17474216023200298
5  0.0  16.074800108646745  14.323089485125733  5.65373872157781  -0.1877191203147483
6  0.0  23.341079931250814  9.908214313452063  5.654799164186071  0.15246774321324938
7  0.0  13.766325254696522  10.878018611712177  5.656818419907234  -0.020133658342265666
8  0.0  20.57537550846285  11.68072349165814  5.6519947292817925  0.23442606546807535
9  0.0  19.087452272667498  7.195472493789591  5.655692879260767  0.1146213569936478
10  0.0  20.218258587238154  9.960491288158403  5.65584726203097  0.10673213469609401
10
22.0
1  0.0  33.598574068944444  11.380489923772696  5.654836636312788  -0.15107156123734927
2  0.0  31.423017428309826  8.268448920660466  5.6524080022840435  0.22424044174786784
3  0.0  27.79835759036564  10.852961577641032  5.655550322742523  -0.12145182965670519
4  0.0  30.568543923298208  10.124634485101938  5.656212496759417  0.08520675737658315
5  0.0  21.728538830224554  14.135370364810985  5.6515464870277725  -0.24499449986492283
6  0.0  28.995879095436884  10.060682056665312  5.650218122471514  -0.27392547981978976
7  0.0  19.423143674603757  10.857884953369911  5.656753494299167  0.03376247523765504
8  0.0  26.227370237744644  11.915149557126215  5.655702143475327  0.11416332286943928
9  0.0  24.743145151928264  7.310093850783239  5.656724508908651  0.03831227364937048
10  0.0  25.874105849269124  10.067223422854497  5.656625239697085  -0.05090086071861955
10
23.0
1  0.0  39.25341070525723  11.229418362535347  5.656848551163232  -0.00802927160183652
2  0.0  37.07542543059387  8.492689362408335  5.656485795095478  0.064563533693916
3  0.0  33.45390791310816  10.731509747984328  5.6568435424000665  -0.011006216729015353
4  0.0  36.22475642005762  10.209841242478522  5.654021546498532  0.17899818918182156
5  0.0  27.380085317252327  13.890375864946062  5.656769756415889  0.03091800282284741
6  0.0  34.6460972179084  9.786756576845523  5.656759351878335  -0.03276636899376853
7  0.0  25.079897168902924  10.891647428607566  5.654919723928414  0.14792875286907198
8  0.0  31.88307238121997  12.029312879995654  5.651282719513816  0.25100522728527447
9  0.0  30.399869660836913  7.348406124432609  5.656330533328441  -0.07697335731534018
10  0.0  31.53073108896621  10.016322562135876  5.654211717610723  0.1728868197220304
10
24.0
1  0.0  44.91025925642046  11.22138909093351  5.656053969536251  -0.09514984862425775
2  0.0  42.731911225689345  8.55725289610225  5.65500407141847  -0.1446684217115173
3  0.0  39.11075145550823  10.720503531255313  5.651933892841445  0.23588825945810768
4  0.0  41.87877796655616  10.388839431660344  5.655971043827007  -0.0999577480261619
5  0.0  33.036855073668214  13.92129386776891  5.6554436917063375  0.1263196340202895
6  0.0  40.302856569786734  9.753990207851754  5.651847870736951  -0.23794042541405985
7  0.0  30.73481689283134  11.039576181476638  5.6504529295537  -0.2690384561693936
8  0.0  37.53435510073379  12.280318107280928  5.655425313060254  -0.12713979863651775
9  0.0  36.056200194165356  7.271432767117268  5.656221170899141  0.08462898955057999
10  0.0  37.184942806576935  10.189209381857907  5.651719308600857  -0.24097480529769083
10
25.0
1  0.0  50.56631322595671  11.126239242309252  5.656371468664201  0.0739040491556465
2  0.0  48.38691529710781  8.412584474390734  5.6505337653037415  -0.26733530848411297
3  0.0  44.76268534834968  10.95639179071342  5.649942400781425  -0.27955476717854894
4  0.0  47.534749010383166  10.288881683634182  5.656804115263704  0.023815993274431617
5  0.0  38.69229876537455  14.047613501789199  5.656773104439652  0.030299255571721386
6  0.0  45.954704440523685  9.516049782437694  5.655028447937312  0.14371239688955595
7  0.0  36.38526982238504  10.770537725307245  5.656110569682554  0.09172362577487528
8  0.0  43.18978041379405  12.15317830864441  5.656364782767741  0.07441400583789491
9  0.0  41.7124213650645  7.356061756667848  5.653510727819628  -0.19446452228717342
10  0.0  42.83666211517779  9.948234576560216  5.654713353072728  -0.15561778362705542
10
26.0
1  0.0  56.22268469462091  11.200143291464899  5.654623633953533  -0.1588444469729588
2  0.0  54.037449062411554  8.145249165906622  5.654583991575028  0.1602494375135013
3  0.0  50.412627749131104  10.67683702353487  5.656853091076791  0.003620217531926207
4  0.0  53.19155312564687  10.312697676908614  5.653123180086734  -0.2054222742695554
5  0.0  44.3490718698142  14.07791275736092  5.656657617404555  -0.04716565974352176
6  0.0  51.609732888461  9.65976217932725  5.65555698118417  -0.12114137434841442
7  0.0  42.041380392067595  10.86226135108212  5.655207658770203  0.13647833596160613
8  0.0  48.846145196561785  12.227592314482305  5.6502071951922685  0.2741507822303561
9  0.0  47.36593209288413  7.161597234380674  5.6549015066952775  0.14862351622637485
10  0.0  48.49137546825052  9.79261679293316  5.656742787757178  -0.03551102866932516
10
27.0
1  0.0  61.87730832857444  11.04129884449194  5.655290014632194  -0.13302199217198424
2  0.0  59.692033053986584  8.305498603420123  5.65352939763686  -0.1939209892089261
3  0.0  56.069480840207895  10.680457241066797  5.654458685250328  -0.1646115937507466
4  0.0  58.8446763057336  10.10727540263906  5.651050048190969  0.2561900717062742
5  0.0  50.00572948721876  14.030747097617398  5.651015454630871  0.25695200237218474
6  0.0  57.265289869645166  9.538620804978835  5.653841350421173  -0.18460223256426608
7  0.0  47.696588050837796  10.998739687043726  5.65274953615587  -0.21545923393904431
8  0.0  54.49635239175405  12.50174309671266  5.656437817180785  -0.068638330159455
9  0.0  53.020833599579404  7.31022075060705  5.651394616946962  -0.24847310426465652
10  0.0  54.14811825600769  9.757105764263835  5.6558310054859025  -0.10759013609217735
10
28.0
1  0.0  67.53259834320664  10.908276852319956  5.6563435467063865  0.07601106257002911
2  0.0  65.34556245162345  8.111577614211196  5.656679994454062  0.04440090475607933
3  0.0  61.72393952545822  10.51584564731605  5.654612365059103  0.1592450970068312
4  0.0  64.49572635392457  10.363465474345334  5.656771736157799  0.030553641457383103
5  0.0  55.65674494184963  14.287699099989583  5.654798457403306  -0.15249395446775768
6  0.0  62.91913122006634  9.354018572414569  5.655197809523334  0.13688584719577634
7  0.0  53.34933758699367  10.78328045310468  5.654716873113109  -0.1554898225926591
8  0.0  60.15279020893484  12.433104766553205  5.653086490504161  -0.2064294816138181
9  0.0  58.672228216526364  7.061747646342393  5.650658294137849  0.26469008838853814
10  0.0  59.80394926149359  9.649515628171658  5.650388152602034  -0.2703954972527942
10
29.0
1  0.0  73.18894188991302  10.984287914889984  5.654271197143501  -0.1709304804691231
2  0.0  71.00224244607752  8.155978518967276  5.652127324240984  -0.23120707292038328
3  0.0  67.37855189051733  10.675090744322882  5.655893633748602  0.10424588107958216
4  0.0  70.15249809008236  10.394019115802717  5.656615690545636  -0.05195122205438062
5  0.0  61.31154339925294  14.135205145521825  5.650048823356279  0.2773955545612659
6  0.0  68.57432902958968  9.490904419610345  5.6568102842844175  -0.022302636930922836
7  0.0  59.00405446010678  10.62779063051202  5.655876534225362  0.10516952790095144
8  0.0  65.805876699439  12.226675284939388  5.656847705650078  0.008604364093696458
9  0.0  64.32288651066422  7.3264377347309315  5.651434886385855  -0.24755549870866592
10  0.0  65.45433741409562  9.379120130918864  5.655798456293769  -0.10928779339442803
10
30.0
1  0.0  78.84321308705653  10.813357434420862  5.656834655994461  -0.014888745414693802
2  0.0  76.6543697703185  7.9247714460468925  5.650759202221589  0.2625270243384409
3  0.0  73.03444552426593  10.779336625402463  5.655041210753932  -0.14320930372963814
4  0.0  75.809113780628  10.342067893748336  5.6566446800518095  -0.04869254195026673
5  0.0  66.96159222260923  14.412600700083091  5.656743771919442  0.03535390856238206
6  0.0  74.2311393138741  9.468601782679423  5.656804022388537  -0.023838042891463726
7  0.0  64.65993099433214  10.732960158412972  5.656488791115766  -0.06430051307492335
8  0.0  71.46272440508908  12.235279649033084  5.652739063190461  -0.21573382553652898
9  0.0  69.97432139705008  7.078882236022266  5.656818414566798  0.02013515875207765
10  0.0  71.11013587038939  9.269832337524436  5.656678420816048  0.044600935798118066
10
31.0
1  0.0  84.50004774305098  10.798468689006167  5.65605810961169  0.09490342826168666
2  0.0  82.30512897254009  8.187298470385333  5.655745037570055  -0.11201816817668725
3  0.0  78.68948673501987  10.636127321672825  5.653825675642078  0.1850816831845356
4  0.0  81.46575846067981  10.293375351798069  5.654022392763502  -0.17897145618480192
5  0.0  72.61833599452866  14.447954608645473  5.652419910545592  -0.22394006981286424
6  0.0  79.88794333626264  9.444763739787959  5.656022490848729  0.09700300517699507
7  0.0  70.3164197854479  10.668659645338048  5.6532566252454375  -0.20171645723285314
8  0.0  77.11546346827954  12.019545823496555  5.652565762951908  0.22022782636153576
9  0.0  75.63113981161688  7.099017394774344  5.656716173923703  0.03952376082780295
10  0.0  76.76681429120543  9.314433273322553  5.650265166667122  -0.2729533776090091
10
32.0
1  0.0  90.15610585266268  10.893372117267853  5.656256434636169  0.08223834651135584
2  0.0  87.96087401011015  8.075280302208645  5.65647428871849  -0.06556387013142034
3  0.0  84.34331241066195  10.82120900485736  5.654496977760516  0.16329093207282894
4  0.0  87.11978085344332  10.114403895613266  5.656147627306923  -0.089409273066602
5  0.0  78.27075590507425  14.22401453883261  5.650083324951538  0.2766919245380962
6  0.0  85.54396582711136  9.541766744964955  5.650445905457659  0.26918593851982847
7  0.0  75.96967641069334  10.466943188105194  5.656713013748086  -0.03997349237996103
8  0.0  82.76802923123145  12.23977364985809  5.653270841434456  -0.20131764300966523
9  0.0  81.28785598554057  7.138541155602146  5.654461102174548  -0.16452855069860892
10  0.0  82.41707945787256  9.041479895713545  5.6558550526518525  0.10631849976610243
10
33.0
1  0.0  95.81236228729884  10.975610463779208  5.656851293173206  0.00578333161832718
2  0.0  93.61734829882863  8.009716432077225  5.654127655189963  -0.1756145176687341
3  0.0  89.99780938842247  10.98449993693019  5.655741700975522  -0.11218650474336091
4  0.0  92.77592848075024  10.024994622546664  5.656637410518579  -0.04952984879538307
5  0.0  83.92083923002579  14.500706463370705  5.652778067379506  0.21470938720335228
6  0.0  91.19441173256902  9.810952683484784  5.655428165609944  0.1270128482704379
7  0.0  81.62638942444143  10.426969695725234  5.6553688350908216  0.12962769412239517
8  0.0  88.42130007266591  12.038456006848426  5.650906843013502  -0.25932961956397066
9  0.0  86.94231708771513  6.974012604903537  5.652752637191813  0.21537786033157189
10  0.0  88.07293451052442  9.147798395479647  5.656844415116228  -0.010548135775982613
10
34.0
1  0.0  1.4692135804720436  10.981393795397535  5.652953916216031  -0.210028619806499
2  0.0  99.2714759540186  7.834101914408491  5.654719689907014  -0.15538735012183608
3  0.0  95.653551089398  10.872313432186829  5.65378790264039  0.18623198424868745
4  0.0  98.43256589126882  9.97546477375128  5.656627317975646  -0.050669374691897744
5  0.0  89.57361729740529  14.715415850574058  5.656581171309979  -0.055582842509659246
6  0.0  96.84983989817897  9.937965531755221  5.65303192389132  -0.2079184154076463
7  0.0  87.28175825953225  10.556597389847628  5.655046761534894  0.14298994668752907
8  0.0  94.07220691567942  11.779126387284455  5.6527433197879695  -0.21562226367539267
9  0.0  92.59506972490693  7.189390465235109  5.655828366700024  -0.10772876324988616
10  0.0  93.72977892564064  9.137250259703665  5.652955711108828  0.20998030441470703
10
35.0
1  0.0  7.122167496688075  10.771365175591036  5.655216972675689  -0.1360918511917742
2  0.0  4.92619564392561  7.678714564286655  5.655658066492809  0.11632641537837138
3  0.0  1.3073389920383818  11.058545416435516  5.65681401804904  -0.021334601095233812
4  0.0  4.0891932092444705  9.924795399059382  5.654566837941463  0.1608535832759259
5  0.0  95.23019846871527  14.659833008064398  5.656015143108892  0.09743049277783031
6  0.0  2.50287182207029  9.730047116347576  5.652131941790448  -0.23109416390763474
7  0.0  92.93680502106714  10.699587336535156  5.656491281662443  0.06408104615848938
8  0.0  99.72495023546739  11.563504123609063  5.65335699891611  0.19888349053212906
9  0.0  98.25089809160696  7.081661701985222  5.650591969480504  -0.26610222554958324
10  0.0  99.38273463674948  9.347230564118371  5.653605343029685  0.19169409293506398
10
36.0
1  0.0  12.777384469363763  10.635273324399263  5.656605252457363  0.05307558640047495
2  0.0  10.581853710418418  7.795040979665027  5.656500764215199  -0.06323847272692384
3  0.0  6.964153010087422  11.037210815340282  5.65291610517279  -0.2110438529740248
4  0.0  9.743760047185933  10.085648982335309  5.656852958299344  -0.0038220648850740883
5  0.0  0.8862136118241608  14.757263500842228  5.656799749010751  -0.02483142347767775
6  0.0  8.155003763860737  9.498952952439941  5.652141291093187  0.23086538397832446
7  0.0  98.59329630272958  10.763668382693647  5.656451742489343  0.067480996504727
8  0.0  5.378307234383499  11.762387614141192  5.653326137449341  -0.19975881365319728
9  0.0  3.9014900610874577  6.815559476435639  5.656850183533424  0.006782407969616269
10  0.0  5.036339979779157  9.538924657053435  5.651372732321992  0.24897036041960535
10
37.0
1  0.0  18.433989721821128  10.688348910799737  5.653738605768307  -0.1877226082415835
2  0.0  16.238354474633617  7.731802506938103  5.653363803927674  0.19868996059281607
3  0.0  12.617069115260211  10.826166962366258  5.6568435423001935  -0.011006268060863206
4  0.0  15.400613005485276  10.081826917450234  5.6567322016300805  -0.03715910442039903
5  0.0  6.5430133608349115  14.73243207736455  5.656817393670365  -0.02041995760142856
6  0.0  13.807145054953924  9.729818336418266  5.6540100633861945  -0.17936053949423014
7  0.0  4.249748045218922  10.831149379198374  5.652797018233759  0.21420987523342175
8  0.0  11.03163337183284  11.562628800487994  5.653219987095597  -0.20274066563683482
9  0.0  9.558340244620883  6.8223418844052555  5.655006418617689  0.1445766419334272
10  0.0  10.687712712101149  9.78789501747304  5.651838182856654  -0.23817043226144427
10
38.0
1  0.0  24.087728327589435  10.500626302558153  5.652074516490395  -0.23249443012651955
2  0.0  21.891718278561292  7.930492467530919  5.655041533774944  0.14319654772477325
3  0.0  18.273912657560405  10.815160694305396  5.653293692015308  0.2006749406875737
4  0.0  21.057345207115358  10.044667813029836  5.650004930809404  0.27828812735985003
5  0.0  12.199830754505276  14.712012119763122  5.6564845802213775  -0.06466988261792411
6  0.0  19.46115511834012  9.550457796924036  5.653625213928087  -0.19110714386598324
7  0.0  9.902545063452681  11.045359254431796  5.65658078859215  -0.05562177748153939
8  0.0  16.684853358928436  11.35988813485116  5.654870092514591  0.1498140073024946
9  0.0  15.213346663238571  6.966918526338683  5.656704015939683  -0.04122712762094027
10  0.0  16.339550894957803  9.549724585211596  5.650707411866596  0.26363942322027484
10
39.0
1  0.0  29.73980284407983  10.268131872431633  5.652313181850778  0.226617947823935
2  0.0  27.546759812336237  8.073689015255692  5.651616813954513  -0.24336677716277724
3  0.0  23.927206349575712  11.01583563499297  5.656372501907317  0.07382492578243809
4  0.0  26.707350137924763  10.322955940389686  5.6510731564396  0.2556798399713869
5  0.0  17.856315334726652  14.647342237145198  5.654424267520197  -0.16578963441273997
6  0.0  25.114780332268207  9.359350653058053  5.655285026191658  0.13323390158826678
7  0.0  15.559125852044831  10.989737476950257  5.656836502960071  0.014169642848808957
8  0.0  22.339723451443028  11.509702142153653  5.651642737075932  -0.24276402628249563
9  0.0  20.870050679178256  6.925691398717742  5.654813649014846  0.15192957222150474
10  0.0  21.990258306824398  9.81336400843187  5.656590512189364  -0.05462396369056151
10
40.0
1  0.0  35.392116025930605  10.494749820255569  5.652011182072937  0.23402905315897102
2  0.0  33.19837662629075  7.830322238092914  5.656838672228116  -0.013275405244580395
3  0.0  29.58357885148303  11.089660560775407  5.656783851354067  -0.028221606259662014
4  0.0  32.358423294364364  10.578635780361074  5.6528711551059505  -0.21224444343997131
5  0.0  23.51073960224685  14.481552602732458  5.652941491078043  0.21036277819133295
6  0.0  30.770065358459867  9.492584554646319  5.65679669773834  -0.025517062068936183
7  0.0  21.2159623550049  11.003907119799067  5.655607221236847  -0.11877272032594004
8  0.0  27.99136618851896  11.266938115871158  5.6503898681436855  -0.2703596456189333
9  0.0  26.524864328193104  7.077620970939247  5.654191413946193  -0.17354957348595718
10  0.0  27.646848819013762  9.758740044741309  5.6554980704948274  0.1238611102375611
10
41.0
1  0.0  41.044127208003545  10.728778873414539  5.651460839062241  0.24696231401959362
2  0.0  38.85521529851887  7.817046832848334  5.655715728266806  0.1134883299526625
3  0.0  35.240362702837096  11.061438954515745  5.650217901307559  0.27393004169609564
4  0.0  38.01129444947031  10.366391336921103  5.654789507694181  0.15282546800788163
5  0.0  29.163681093324893  14.691915380923792  5.650653371540229  0.2647951561133105
6  0.0  36.4268620561982  9.467067492577383  5.652396583934621  0.22452807825356902
7  0.0  26.871569576241747  10.885134399473127  5.650598668901828  -0.2659599274418725
8  0.0  33.64175605666264  10.996578470252224  5.654404818871478  -0.166451627576958
9  0.0  32.1790557421393  6.90407139745329  5.651196126361424  0.25294730952836997
10  0.0  33.30234688950859  9.88260115497887  5.653101932024699  -0.20600617985541764
10
42.0
1  0.0  46.69558804706578  10.975741187434133  5.65041294071088  0.26987700799999076
2  0.0  44.51093102678568  7.930535162800997  5.652236669323107  0.22851834490733294
3  0.0  40.89058060414465  11.335368996211841  5.652945178915755  -0.21026365395175353
4  0.0  43.666083957164496  10.519216804928984  5.6536297645976825  0.1909724714590632
5  0.0  34.81433446486512  14.956710537037102  5.655007564275192  0.14453182345207338
6  0.0  42.07925864013282  9.691595570830952  5.651731057649746  0.240699090146383
7  0.0  32.522168245143575  10.619174472031254  5.654224272307033  -0.17247573294233076
8  0.0  39.29616087553412  10.830126842675266  5.656496285263244  0.06363784096847985
9  0.0  37.830251868500724  7.15701870698166  5.651056308097884  -0.25605195314059365
10  0.0  38.95544882153329  9.676594975123452  5.656039843770824  0.09598586185954165
10
43.0
1  0.0  52.34600098777666  11.245618195434124  5.656770291396713  -0.03081996709200053
2  0.0  50.163167696108786  8.159053507708329  5.652340409689682  -0.22593780779019504
3  0.0  46.54352578306041  11.125105342260087  5.656267210849854  0.08149380016200933
4  0.0  49.31971372176218  10.710189276388046  5.656618778368328  -0.0516139148953276
5  0.0  40.469342029140314  15.101242360489175  5.656606661531619  0.05292519925456739
6  0.0  47.73098969778257  9.932294660977334  5.652981712839617  0.20927913011305663
7  0.0  38.17639251745061  10.446698739088923  5.654613661762746  -0.15919904587054737
8  0.0  44.952657160797365  10.893764683643747  5.651308107015266  0.2504329842164104
9  0.0  43.48130817659861  6.900966753841066  5.6568148053932115  0.021124807316410338
10  0.0  44.61148866530411  9.772580836982993  5.656752933009147  -0.03385638628697355
10
44.0
1  0.0  58.00277127917337  11.214798228342124  5.6567910345550505  -0.02674306223315132
2  0.0  55.81550810579847  7.933115699918134  5.654307672234858  0.16971961497122512
3  0.0  52.199792993910265  11.206599142422096  5.655741325108278  0.11220545201760972
4  0.0  54.9763325001305  10.65857536149272  5.6567679329983  -0.031249835233882542
5  0.0  46.12594869067193  15.154167559743742  5.650099230553347  -0.2763669388702269
6  0.0  53.38397141062219  10.14157379109039  5.654068308030385  -0.1775149800056863
7  0.0  43.831006179213354  10.287499693218376  5.651975792426135  -0.23488218712569267
8  0.0  50.60396526781263  11.144197667860157  5.656854227765507  4.957938217054044E-4
9  0.0  49.13812298199182  6.922091561157477  5.652478469161968  0.2224570872333994
10  0.0  50.26824159831325  9.738724450696019  5.656743220833303  -0.03544197450018322
10
45.0
1  0.0  63.65956231372842  11.188055166108972  5.654700790198585  -0.15607361509078807
2  0.0  61.46981577803333  8.10283531488936  5.656635432640982  -0.04975522274629585
3  0.0  57.855534319018545  11.318804594439706  5.656142310674775  0.08974497977400502
4  0.0  60.6331004331288  10.627325526258836  5.654441547724543  0.16519922326230974
5  0.0  51.77604792122528  14.877800620873515  5.653468024660809  -0.19570205450593234
6  0.0  59.03803971865257  9.964058811084705  5.649994459196108  0.27850064820978354
7  0.0  49.48298197163949  10.052617506092682  5.651419497838402  0.2479065538704477
8  0.0  56.26081949557814  11.144693461681863  5.656294651796205  0.07956640033106323
9  0.0  54.79060145115379  7.1445486483908764  5.656817707692369  -0.020332779889782007
10  0.0  55.92498481914656  9.703282476195836  5.6565702755326965  -0.05668084297152017
10
46.0
1  0.0  69.314263103927  11.031981551018184  5.656769089813155  0.031039725102717797
2  0.0  67.1264512106743  8.053080092143064  5.656579703262262  0.05573204321923991
3  0.0  63.51167662969332  11.408549574213712  5.652202106548156  0.22937163454231052
4  0.0  66.28754198085335  10.792524749521146  5.650958062125452  -0.25821111536756797
5  0.0  57.42951594588609  14.682098566367582  5.649960983666595  0.2791789444876125
6  0.0  64.68803417784868  10.242559459294489  5.6568411237525416  -0.01218608313095068
7  0.0  55.13440146947789  10.30052405996313  5.654404103153186  -0.16647593893530668
8  0.0  61.91711414737435  11.224259862012927  5.656773776692309  -0.03017348714071086
9  0.0  60.44741915884616  7.124215868501095  5.65106781715381  -0.2557978223685197
10  0.0  61.58155509467925  9.646601633224316  5.656642918297512  0.04889677775278125
10
47.0
1  0.0  74.97103219374016  11.063021276120901  5.655847211881701  0.10673479212511422
2  0.0  72.78303091393657  8.108812135362305  5.65352175195507  0.1941437616068065
3  0.0  69.16387873624147  11.637921208756023  5.64989181701629  -0.28057522344708585
4  0.0  71.9385000429788  10.534313634153579  5.655317486562671  -0.13184887628825795
5  0.0  63.07947692955268  14.961277510855194  5.656653345088843  -0.047675292293009826
6  0.0  70.34487530160122  10.230373376163538  5.650704484060609  0.26370216877628755
7  0.0  60.78880557263108  10.134048121027824  5.6545444776140625  0.1616377143004663
8  0.0  67.57388792406665  11.194086374872215  5.656760776048047  -0.032519572018969795
9  0.0  66.09848697599998  6.868418046132575  5.656823578346679  -0.018628028910158037
10  0.0  67.23819801297677  9.695498410977097  5.656433583435658  -0.06898634778888388
10
48.0
1  0.0  80.62687940562186  11.169756068246015  5.651244493902551  0.2518643883841147
2  0.0  78.43655266589164  8.302955896969111  5.656140529239751  0.08985718386103117
3  0.0  74.81377055325777  11.357345985308937  5.654206283958666  0.17306443436581906
4  0.0  77.59381752954147  10.40246475786532  5.654534930286715  -0.16197136218299504
5  0.0  68.73613027464152  14.913602218562184  5.655327529640158  -0.13141739798886942
6  0.0  75.99557978566183  10.494075544939825  5.656421491497573  0.06997078336250724
7  0.0  66.44335005024514  10.29568583532829  5.654962287224528  -0.14629261795564744
8  0.0  73.2306487001147  11.161566802853246  5.6565243850909575  -0.061089122365375864
9  0.0  71.75531055434665  6.849790017222417  5.6531177126046765  -0.20557268163663064
10  0.0  72.89463159641242  9.626512063188212  5.65254498557522  -0.22076047211500222
10
49.0
1  0.0  86.27812389952442  11.42162045663013  5.655665044862179  0.11598663855848229
2  0.0  84.09269319513139  8.392813080830143  5.654444844078356  0.1650863570245967
3  0.0  80.46797683721644  11.530410419674757  5.650407284553082  -0.26999540490439683
4  0.0  83.24835245982818  10.240493395682325  5.650149260451854  0.27534221364581407
5  0.0  74.39145780428169  14.782184820573315  5.652940150708406  0.2103987939814489
6  0.0  81.6520012771594  10.564046328302332  5.656835639482456  -0.014510268126413445
7  0.0  72.09831233746968  10.149393217372642  5.654704718557948  0.15593122175647542
8  0.0  78.88717308520566  11.10047768048787  5.655559930890986  0.12100358713837071
9  0.0  77.40842826695133  6.644217335585786  5.654454172618401  -0.16476653106248224
10  0.0  78.54717658198764  9.40575159107321  5.654797228089979  0.15253953319022692
10
50.0
1  0.0  91.93378894438659  11.537607095188612  5.655946960159341  -0.10131132150120052
2  0.0  89.74713803920974  8.55789943785474  5.656563526049682  -0.05735046437778565
3  0.0  86.11838412176952  11.260415014770361  5.652220379990581  0.2289208946757606
4  0.0  88.89850172028004  10.515835609328139  5.65631827098801  -0.0778692319675092
5  0.0  80.04439795499009  14.992583614554764  5.6560276944514065  -0.096699118913947
6  0.0  87.30883691664185  10.54953606017592  5.656839925576604  0.012730137566901568
7  0.0  77.75301705602763  10.305324439129118  5.656853363238723  -0.003166514605922139
8  0.0  84.54273301609665  11.22148126762624  5.656853934302689  -0.00188837607321391
9  0.0  83.06288243956973  6.479450804523304  5.654469872300739  0.1642268651690977
10  0.0  84.20197381007762  9.558291124263437  5.656476672915853  -0.06535785154669055
10
51.0
1  0.0  97.58973590454593  11.436295773687412  5.6568123766927245  -0.02176545189071185
2  0.0  95.40370156525942  8.500548973476954  5.653544953974667  0.19346693099219672
3  0.0  91.7706045017601  11.489335909446122  5.6551371290181915  0.13937019767479125
4  0.0  94.55481999126805  10.43796637736063  5.656754913572361  -0.03352383890530638
5  0.0  85.7004256494415  14.895884495640818  5.655192390182175  -0.1371095548298752
6  0.0  92.96567684221846  10.56226619774282  5.656237224608309  -0.08354914096078171
7  0.0  83.40987041926635  10.302157924523195  5.651253248421006  -0.2516678807695084
8  0.0  90.19958695039934  11.219592891553026  5.653959507789926  -0.1809471864160912
9  0.0  88.71735231187047  6.643677669692401  5.654508720869739  -0.1628837794504901
10  0.0  89.85845048299348  9.492933272716748  5.652589875275014  -0.21960806437469332
10
52.0
1  0.0  3.2465482812386597  11.4145303217967  5.65675476183709  0.03354943268403827
2  0.0  1.0572465192340985  8.69401590446915  5.656290304199893  0.07987486847717053
3  0.0  97.42574163077829  11.628706107120914  5.651366188530287  -0.24911885343483028
4  0.0  0.2115749048404041  10.404442538455323  5.6563878679301824  -0.07263805842844369
5  0.0  91.35561803962368  14.758774940810943  5.655041412581983  -0.1432013337326189
6  0.0  98.62191406682676  10.478717056782038  5.656031054551322  -0.0965023831366008
7  0.0  89.06112366768735  10.050490043753687  5.653009056361199  -0.20853922580239562
8  0.0  95.85354645818926  11.038645705136934  5.652704729024682  -0.21663159156042697
9  0.0  94.37186103274021  6.4807938902419115  5.652845759983969  0.2129197356547084
10  0.0  95.51104035826849  9.273325208342055  5.656830326521586  -0.01645165480092431
10
53.0
1  0.0  8.903303043075748  11.44807975448074  5.651270066132168  0.2512899513281784
2  0.0  6.713536823433992  8.773890772946322  5.6549033820750445  -0.14855214369435227
3  0.0  3.07710781930858  11.379587253686084  5.649996569777598  0.278457827150537
4  0.0  5.8679627727705865  10.331804480026879  5.656852205314985  -0.004809077145907722
5  0.0  97.01065945220566  14.615573607078323  5.6559274689374055  0.10239368202841292
6  0.0  4.277945121378082  10.382214673645437  5.65677550213236  0.029848257489593372
7  0.0  94.71413272404855  9.841950817951291  5.655812289149547  -0.10856956251617547
8  0.0  1.506251187213934  10.822014113576508  5.65671933995234  0.03906800492965532
9  0.0  0.02470679272418863  6.69371362589662  5.656671527271684  0.04546682915964305
10  0.0  1.1678706847900742  9.25687355354113  5.650003106843189  0.2783251563590957
10
54.0
1  0.0  14.554573109207917  11.699369705808918  5.654880615909597  0.1494162635388328
2  0.0  12.368440205509035  8.625338629251969  5.652559609355839  0.22038571341839078
3  0.0  8.727104389086179  11.658045080836622  5.655587922581856  -0.11968813619683001
4  0.0  11.524814978085573  10.326995402880971  5.656786264416178  0.027733710759104815
5  0.0  2.6665869211430646  14.717967289106737  5.6555733155723535  -0.12037637719236918
6  0.0  9.934720623510442  10.412062931135031  5.656835648650562  0.014506693495118114
7  0.0  0.36994501319810524  9.733381255435116  5.6566355977096014  0.04973645267338653
8  0.0  7.162970527166274  10.861082118506163  5.656126395156216  0.09074250391726649
9  0.0  5.681378319995873  6.739180455056263  5.656278920157114  -0.0806769941574059
10  0.0  6.8178737916332635  9.535198709900225  5.6550216912443805  0.14397802455775302
10
55.0
1  0.0  20.209453725117513  11.84878596934775  5.655682942346425  0.11511062353965884
2  0.0  18.020999814864872  8.84572434267036  5.6568541847011415  8.561712141150232E-4
3  0.0  14.382692311668034  11.538356944639792  5.653855271755444  -0.18417536763422196
4  0.0  17.18160124250175  10.354729113640076  5.654256754761986  0.17140755884282804
5  0.0  8.322160236715419  14.597590911914367  5.656181960794497  0.08721024241991238
6  0.0  15.591556272161004  10.42656962463015  5.653549047100099  0.19334728349151167
7  0.0  6.026580610907707  9.783117708108502  5.6562858840391295  0.08018726843886356
8  0.0  12.81909692232249  10.951824622423429  5.651968750472313  -0.23505157664748133
9  0.0  11.337657240152987  6.658503460898857  5.654833135538225  -0.1512025436920076
10  0.0  12.472895482877643  9.679176734457979  5.656843922399384  0.010809144885635016
10
56.0
1  0.0  25.865136667463936  11.963896592887409  5.656824355680154  0.018390459043125966
2  0.0  23.677853999566015  8.846580513884476  5.655967073019961  -0.10018217862460016
3  0.0  20.036547583423477  11.354181577005571  5.656441130298846  -0.0683647530788415
4  0.0  22.835857997263737  10.526136672482904  5.655052244182441  -0.14277295110468388
5  0.0  13.978342197509917  14.684801154334279  5.655681374959899  -0.11518760754407659
6  0.0  21.245105319261103  10.619916908121661  5.654454887472831  0.16474199687574795
7  0.0  11.682866494946836  9.863304976547365  5.656784199981886  -0.028151640010818595
8  0.0  18.471065672794804  10.716773045775946  5.656557767448305  -0.057915658679436155
9  0.0  16.99249037569121  6.50730091720685  5.656554184811989  0.05826451995839904
10  0.0  18.12973940527703  9.689985879343613  5.6566519801613895  -0.047836966210632346
10
57.0
1  0.0  31.52196102314409  11.982287051930534  5.6549330155062325  -0.14741977525960376
2  0.0  29.333821072585977  8.746398335259876  5.656818913660203  -0.019994450633798237
3  0.0  25.692988713722322  11.28581682392673  5.656154370533381  -0.08898166494376256
4  0.0  28.49091024144618  10.38336372137822  5.65627682171241  -0.08082398257299714
5  0.0  19.634023572469815  14.569613546790203  5.6538807931129975  -0.18339023220435724
6  0.0  26.899560206733934  10.784658904997409  5.65336130544357  -0.19876103771454517
7  0.0  17.33965069492872  9.835153336536546  5.655573841625631  0.12035165939821395
8  0.0  24.12762344024311  10.65885738709651  5.6552951124649855  -0.1328050862342116
9  0.0  22.6490445605032  6.565565437165249  5.650727291709607  -0.2632129835859413
10  0.0  23.786391385438417  9.642148913132981  5.656750515492685  0.03425792569970486
10
58.0
1  0.0  37.176894038650325  11.83486727667093  5.656839109585361  0.013087714296714811
2  0.0  34.99063998624618  8.726403884626079  5.654567372913046  -0.16083477605043528
3  0.0  31.3491430842557  11.196835158982967  5.656145822101486  -0.0895233998680096
4  0.0  34.14718706315859  10.302539738805223  5.654605490571764  0.1594890152821543
5  0.0  25.28790436558281  14.386223314585845  5.656791822180855  -0.026575938512636246
6  0.0  32.552921512177505  10.585897867282863  5.652916899042754  0.21102258769345755
7  0.0  22.995224536554353  9.95550499593476  5.656484242267459  0.06469943570025168
8  0.0  29.782918552708097  10.526052300862299  5.656753803756955  0.033710587079481165
9  0.0  28.299771852212807  6.302352453579308  5.655978823074047  -0.09951659629383948
10  0.0  29.443141900931103  9.676406838832687  5.656839272712254  -0.013017015798400108
10
59.0
1  0.0  42.83373314823569  11.847954990967645  5.65676019487546  -0.032620509998383014
2  0.0  40.64520735915923  8.565569108575643  5.654473654408911  0.16409659227257356
3  0.0  37.00528890635719  11.107311759114959  5.6553274363704436  0.13142141163344095
4  0.0  39.80179255373035  10.462028754087378  5.656311406050196  -0.07836630517295748
5  0.0  30.944696187763668  14.359647376073209  5.6541747516442715  -0.17409157897057703
6  0.0  38.205838411220256  10.796920454976322  5.6561530901580035  -0.08906301530973817
7  0.0  28.651708778821813  10.020204431635012  5.654165395613208  -0.17439518069642845
8  0.0  35.43967235646505  10.55976288794178  5.656610113927798  -0.05255491423047134
9  0.0  33.95575067528685  6.202835857285469  5.655598051283798  -0.11920856644931063
10  0.0  35.09998117364336  9.663389823034287  5.65142484048285  -0.24778472990360498
10
60.0
1  0.0  48.49049334311115  11.815334480969263  5.6519903848336055  -0.23453078635539787
2  0.0  46.29968101356814  8.729665700848216  5.653802441240933  -0.18579008428331137
3  0.0  42.66061634272763  11.2387331707484  5.651916794536998  0.23629758278630753
4  0.0  45.458103959780544  10.38366244891442  5.656410499459839  -0.07085380441796646
5  0.0  36.59887093940794  14.185555797102632  5.656807575386657  -0.022979448386597816
6  0.0  43.861991501378256  10.707857439666583  5.653528497572148  -0.19394722771829534
7  0.0  34.30587417443502  9.845809250938583  5.656026450163985  0.09677187114755463
8  0.0  41.09628247039285  10.507207973711308  5.653343623156571  0.19926333961609752
9  0.0  39.61134872657065  6.083627290836158  5.651871325259499  0.23738265039682693
10  0.0  40.751406014126204  9.415605093130681  5.653083285221341  -0.20651723983991294
10
61.0
1  0.0  54.14248372794475  11.580803694613865  5.652831757467331  0.2132911666450755
2  0.0  51.953483454809074  8.543875616564904  5.654166246211824  0.17436760077151986
3  0.0  48.31253313726462  11.475030753534707  5.656279672186058  0.08062425202628024
4  0.0  51.11451445924038  10.312808644496453  5.655657047276826  0.11637595794657109
5  0.0  42.255678514794596  14.162576348716033  5.651168625817616  0.25356096421701196
6  0.0  49.5155199989504  10.513910211948287  5.65052740826061  0.26746964032509357
7  0.0  39.961900624599004  9.942581122086137  5.655625159266751  0.11791546916728259
8  0.0  46.74962609354942  10.706471313327405  5.656330522809847  -0.07697413026275693
9  0.0  45.263220051830146  6.321009941232985  5.650389584379734  0.27036557608730183
10  0.0  46.404489299347546  9.209087853290768  5.654432072029345  0.16552323947389605
10
62.0
1  0.0  59.79531548541208  11.794094861258941  5.650564138032123  -0.26669256079856485
2  0.0  57.6076497010209  8.718243217336424  5.653535589750362  0.1937403815056549
3  0.0  53.96881280945068  11.555655005560988  5.656823510978184  0.018648475660747947
4  0.0  56.77017150651721  10.429184602443025  5.656853923374371  -0.0019208341925651647
5  0.0  47.906847140612214  14.416137312933046  5.656604598722359  0.05314521345404183
6  0.0  55.16604740721101  10.781379852273382  5.656639434072335  -0.04929820379905619
7  0.0  45.61752578386575  10.06049659125342  5.653841358564819  0.18460198314732057
8  0.0  52.40595661635927  10.629497183064649  5.65362079717271  -0.19123776242215526
9  0.0  50.91360963620988  6.591375517320287  5.656511380453355  0.06228164096818134
10  0.0  52.05892137137689  9.374611092764663  5.6567028970293105  -0.04138036660310862
10
63.0
1  0.0  65.4458796234442  11.527402300460377  5.655718698096935  -0.11334023114811866
2  0.0  63.26118529077126  8.91198359884208  5.656454052018103  -0.06728712661367459
3  0.0  59.62563632042887  11.574303481221737  5.651276271498063  0.2511503597508266
4  0.0  62.42702542989158  10.427263768250459  5.651151784901153  -0.253936023455747
5  0.0  53.563451739334575  14.469282526387088  5.655066155960509  0.14222085539770263
6  0.0  60.82268684128334  10.732081648474326  5.655324047317494  -0.13156716852036573
7  0.0  51.27136714243057  10.24509857440074  5.650029523430329  0.27778838054469307
8  0.0  58.05957741353198  10.438259420642494  5.650273171094229  -0.2727876317078809
9  0.0  56.57012101666323  6.6536571582884685  5.65487813572833  0.14951010019962413
10  0.0  57.7156242684062  9.333230726161554  5.654328754156383  -0.1690157978424821
10
64.0
1  0.0  71.10159832154113  11.414062069312259  5.655898082842934  0.1040042138263185
2  0.0  68.91763934278936  8.844696472228405  5.65602293039003  -0.09697737314511358
3  0.0  65.27691259192693  11.825453840972564  5.652849375929892  -0.212823713549617
4  0.0  68.07817721479273  10.173327744794712  5.6517506267731425  0.2402391574439954
5  0.0  59.218517895295086  14.611503381784791  5.652780995266385  0.21463228917197405
6  0.0  66.47801088860083  10.60051447995396  5.652932795618897  0.21059631577100335
7  0.0  56.9213966658609  10.522886954945434  5.656304206775255  -0.0788842215943828
8  0.0  63.70985058462621  10.165471788934612  5.654978170470236  -0.1456773541259122
9  0.0  62.22499915239156  6.8031672584880925  5.655285748177706  -0.13320325243079745
10  0.0  63.369953022562584  9.164214928319073  5.656841116142256  -0.012189615352401586
10
65.0
1  0.0  76.75749640438407  11.518066283138577  5.651279299226415  -0.25108222186169654
2  0.0  74.5736622731794  8.747719099083291  5.655752590904291  -0.11163615220593286
3  0.0  70.92976196785682  11.612630127422946  5.649801513592678  -0.28238777772048373
4  0.0  73.72992784156587  10.413566902238706  5.654850810059618  -0.15054008093558138
5  0.0  64.87129889056148  14.826135670956765  5.655835505218863  0.10735333206619362
6  0.0  72.13094368421973  10.811110795724963  5.656583650344929  -0.055329979671329334
7  0.0  62.57770087263615  10.444002733351052  5.656851443386294  0.005634488300638464
8  0.0  69.36482875509644  10.0197944348087  5.651697352301631  -0.24148920884122596
9  0.0  67.88028490056927  6.669964006057295  5.6556467522827125  0.11687520435927265
10  0.0  69.02679413870484  9.152025312966671  5.651322938829493  -0.2500980628865324
10
66.0
1  0.0  82.40877570361049  11.26698406127688  5.6568095168627615  0.022496442627546003
2  0.0  80.22941486408368  8.636082946877359  5.651383632613826  0.24872281162874
3  0.0  76.5795634814495  11.330242349702463  5.656836198614894  0.014290627705620437
4  0.0  79.38477865162548  10.263026821303125  5.656797645466435  -0.02530609107321726
5  0.0  70.52713439578034  14.933489003022958  5.651969405901347  -0.23503581589876374
6  0.0  77.78752733456466  10.755780816053633  5.655067982080465  -0.14214822562515272
7  0.0  68.23455231602244  10.44963722165169  5.650666963248629  0.2645049535463048
8  0.0  75.01652610739806  9.778305225967474  5.650172028974874  0.2748745950246985
9  0.0  73.53593165285197  6.786839210416568  5.65395801158682  -0.18099393142651937
10  0.0  74.67811707753434  8.901927250080139  5.653648210268021  0.19042561417311057
10
67.0
1  0.0  88.06558522047325  11.289480503904425  5.6563161289116435  0.07802467439218333
2  0.0  85.88079849669751  8.884805758506099  5.651260028503917  0.2515155864630676
3  0.0  82.2363996800644  11.344532977408083  5.65674801946072  0.03466762650154945
4  0.0  85.04157629709192  10.237720730229908  5.655449338919646  -0.12606654954167654
5  0.0  76.17910380168169  14.698453187124194  5.655312368831735  -0.13206820563180877
6  0.0  83.44259531664513  10.61363259042848  5.651014242729316  -0.2569786537252006
7  0.0  73.88521927927107  10.714142175197995  5.651619517989768  -0.24330397423207498
8  0.0  80.66669813637294  10.053179820992172  5.655194882279594  0.13700672771334696
9  0.0  79.1898896644388  6.605845278990049  5.6558360430096695  0.10732499519094413
10  0.0  80.33176528780236  9.092352864253249  5.656800949707729  -0.024556371591434405
10
68.0
1  0.0  93.7219013493849  11.367505178296609  5.656852542251754  -0.004394908402260629
2  0.0  91.53205852520142  9.136321344969167  5.656089664179537  -0.09300382121919586
3  0.0  87.89314769952512  11.379200603909633  5.654301901496655  0.16991176160386004
4  0.0  90.69702563601157  10.111654180688232  5.6558022659727065  -0.10909045887702823
5  0.0  81.83441617051342  14.566384981492385  5.653724528959804  -0.1881460885542293
6  0.0  89.09360955937444  10.35665393670328  5.656782576057791  0.02847608134883143
7  0.0  79.53683879726084  10.47083820096592  5.652888364807211  0.21178558739269102
8  0.0  86.32189301865253  10.190186548705519  5.6567674807797195  -0.03133158778441495
9  0.0  84.84572570744847  6.713170274180993  5.656610981092126  -0.05246149624233126
10  0.0  85.98856623751008  9.067796492661815  5.652585679257277  -0.21971604096095393
10
69.0
1  0.0  99.37875389163665  11.363110269894348  5.650710668808176  -0.2635696063992666
2  0.0  97.18814818938095  9.043317523749971  5.653572549366096  0.19265884110026305
3  0.0  93.54744960102177  11.549112365513492  5.656623088347664  0.051139381812469124
4  0.0  96.35282790198428  10.002563721811203  5.656805863417353  0.02339708543945519
5  0.0  87.48814069947322  14.378238892938157  5.654292392904348  0.17022789296715285
6  0.0  94.75039213543224  10.385130018052111  5.656763353223968  -0.032068140300406854
7  0.0  85.18972716206805  10.682623788358612  5.656854153422939  0.0010425457515650328
8  0.0  91.97866049943225  10.158854960921104  5.650164596632042  -0.27502732767108734
9  0.0  90.5023366885406  6.6607087779386625  5.6541173235215885  0.1759468438281294
10  0.0  91.64115191676736  8.848080451700861  5.656769576332629  -0.03095093338786139
10
70.0
1  0.0  5.029464560444822  11.09954066349508  5.654289029300129  -0.17033958182468736
2  0.0  2.841720738747057  9.235976364850234  5.652928179809608  -0.2107201791817307
3  0.0  99.20407268936943  11.600251747325961  5.6567992253380925  -0.024950435154072286
4  0.0  2.009633765401631  10.025960807250659  5.656616832253458  -0.051826760142420214
5  0.0  93.14243309237757  14.54846678590531  5.655391368987317  -0.1286408317128698
6  0.0  0.4071554886562012  10.353061877751705  5.651389980599325  0.24857853322753293
7  0.0  90.846581315491  10.683666334110177  5.656711495772043  -0.04018772947577899
8  0.0  97.62882509606429  9.883827633250016  5.655468170217272  0.12521891094926052
9  0.0  96.15645401206218  6.836655621766792  5.656669561746132  0.04571071225464366
10  0.0  97.29792149309999  8.817129518313  5.656597987612314  0.053844280479271346
10
71.0
1  0.0  10.683753589744951  10.929201081670392  5.653943348592133  -0.18145140096120202
2  0.0  8.494648918556665  9.025256185668503  5.656844308286097  0.010605272799435019
3  0.0  4.860871914707516  11.57530131217189  5.656638017410181  -0.049460489179173485
4  0.0  7.666250597655089  9.974134047108238  5.655588607385786  0.1196557729828159
5  0.0  98.79782446136488  14.41982595419244  5.65564899910933  0.11676642870987222
6  0.0  6.0585454692555265  10.601640410979238  5.656662539233323  -0.0465716355136021
7  0.0  96.50329281126304  10.643478604634398  5.6562746339595416  -0.08097694255679029
8  0.0  3.2842932662815656  10.009046544199277  5.652289683470071  0.22720328813162521
9  0.0  1.813123573808312  6.882366334021436  5.656847549261565  -0.008706573001619923
10  0.0  2.9545194807123067  8.87097379879227  5.654586200305769  -0.16017148095581726
10
72.0
1  0.0  16.337696938337082  10.747749680709191  5.6567530823519165  0.03383142477182334
2  0.0  14.151493226842762  9.035861458467938  5.656590694244942  -0.05460510765015358
3  0.0  10.517509932117697  11.525840822992716  5.6561849803208135  0.08701418501173273
4  0.0  13.321839205040874  10.093789820091054  5.652638689967173  -0.2183479807239067
5  0.0  4.453473460474214  14.536592382902313  5.656728738927512  -0.037682544919145085
6  0.0  11.71520800848885  10.555068775465635  5.656636657410989  0.049615784123858794
7  0.0  2.159567445222578  10.562501662077608  5.6498162169523996  -0.28209345022824445
8  0.0  8.936582949751637  10.236249832330902  5.653481309464959  0.1953179037630741
9  0.0  7.469971123069877  6.873659761019816  5.656324513424059  -0.07741446142730084
10  0.0  8.609105681018075  8.710802317836453  5.651144827741748  0.2540908024461096
10
73.0
1  0.0  21.994450020688998  10.781581105481015  5.656062491984949  -0.09464188692650612
2  0.0  19.808083921087704  8.981256350817784  5.65685374817358  0.002381548756999863
3  0.0  16.17369491243851  11.612855008004448  5.655270519970306  0.1338482198417941
4  0.0  18.974477895008047  9.875441839367147  5.654999858251034  0.14483301826858874
5  0.0  10.110202199401726  14.498909837983168  5.656816357170408  -0.02070510201240894
6  0.0  17.37184466589984  10.604684559589494  5.650077442187664  -0.276812025176102
7  0.0  7.8093836621749775  10.280408211849364  5.650361806312506  -0.2709454885486635
8  0.0  14.590064259216597  10.431567736093976  5.6565349514009  0.06010277514421317
9  0.0  13.126295636493936  6.796245299592515  5.6556105025005845  0.1186163732588818
10  0.0  14.260250508759825  8.964893120282563  5.656120114886522  -0.09113312227777451
10
74.0
1  0.0  27.65051251267395  10.686939218554508  5.654327648608073  -0.1690527792918457
2  0.0  25.464937669261282  8.983637899574784  5.652091508355548  0.2320809797787555
3  0.0  21.828965432408815  11.746703227846243  5.654996371277813  0.1449691030350922
4  0.0  24.62947775325908  10.020274857635735  5.655676601622806  0.11542173909755278
5  0.0  15.767018556572134  14.47820473597076  5.656381000976044  -0.07317083980157385
6  0.0  23.0219221080875  10.327872534413391  5.655861547417984  -0.10597243244659621
7  0.0  13.459745468487483  10.0094627233007  5.654821685961158  -0.15163014206748396
8  0.0  20.246599210617497  10.491670511238189  5.656841154965847  0.012171585134375572
9  0.0  18.781906138994522  6.914861672851397  5.655045607747782  0.143035570025506
10  0.0  19.916370623646348  8.873759998004788  5.653414344867442  0.1972466609275149
10
75.0
1  0.0  33.30484016128202  10.517886439262663  5.65629508862139  0.0795353408086149
2  0.0  31.11702917761683  9.21571887935354  5.6561520081538115  -0.08913170399791423
3  0.0  27.483961803686626  11.891672330881336  5.655800917659828  0.10916033985961406
4  0.0  30.28515435488189  10.135696596733288  5.656226620844463  -0.08426395225972841
5  0.0  21.42339955754818  14.405033896169186  5.656436534381089  0.0687439635086823
6  0.0  28.677783655505486  10.221900101966796  5.651468150459499  0.24679494391477966
7  0.0  19.114567154448643  9.857832581233216  5.656656413583433  0.04730981574064949
8  0.0  25.903440365583343  10.503842096372564  5.65504498597616  -0.14306015023728325
9  0.0  24.436951746742302  7.057897242876903  5.65474052413003  -0.15462730923622584
10  0.0  25.56978496851379  9.071006658932303  5.656249680704377  0.08270156910032146
10
76.0
1  0.0  38.961135249903414  10.597421780071278  5.656660951752021  0.04676405589694183
2  0.0  36.77318118577064  9.126587175355626  5.654919154951945  0.1479505017143909
3  0.0  33.13976272134646  12.00083267074095  5.6524080898548235  0.22423823434859247
4  0.0  35.941380975726354  10.051432644473559  5.655327737334165  0.13140845992111666
5  0.0  27.07983609192927  14.473777859677869  5.6566397921204405  0.049257103037474506
6  0.0  34.32925180596499  10.468695045881576  5.6519177459743215  -0.23627482460167554
7  0.0  24.771223568032077  9.905142396973865  5.6500482128233465  0.27740798974022624
8  0.0  31.558485351559504  10.36078194613528  5.654181726350166  -0.1738649056246624
9  0.0  30.091692270872333  6.9032699336406775  5.650679601894392  0.26423481363104506
10  0.0  31.226034649218168  9.153708228032624  5.655885258328017  -0.10469930576582581
10
77.0
1  0.0  44.61779620165544  10.64418583596822  5.655005200785395  -0.14462426867624503
2  0.0  42.42810034072259  9.274537677070017  5.6522997206459245  0.22695344894045905
3  0.0  38.79217081120128  12.225070905089542  5.6561359356004886  -0.09014587072520686
4  0.0  41.59670871306052  10.182841104394676  5.6543920591311325  0.16688451586290376
5  0.0  32.73647588404971  14.523034962715343  5.650510083020155  -0.26783540036294656
6  0.0  39.98116955193931  10.2324202212799  5.655871481658185  0.10544089797445581
7  0.0  30.421271780855424  10.182550386714091  5.656741658383563  0.03569047923435096
8  0.0  37.21266707790967  10.186917040510618  5.651196888619297  0.2529302790485883
9  0.0  35.742371872766725  7.167504747271723  5.652469440314528  0.2226863855523541
10  0.0  36.881919907546184  9.049008922266799  5.655583357521945  0.11990365349239816
10
78.0
1  0.0  50.272801402440834  10.499561567291975  5.651460871976221  -0.24696156081821855
2  0.0  48.08040006136851  9.501491126010476  5.656841872327309  0.011833489951607937
3  0.0  44.44830674680177  12.134925034364334  5.649863486296567  -0.2811451337171195
4  0.0  47.251100772191656  10.34972562025758  5.656630267513281  -0.050339017199797415
5  0.0  38.38698596706986  14.255199562352397  5.656072097229025  -0.09406609882032828
6  0.0  45.6370410335975  10.337861119254356  5.655713388377429  -0.1136048789811383
7  0.0  36.07801343923899  10.218240865948442  5.656241750640888  0.08324216663992172
8  0.0  42.86386396652897  10.439847319559206  5.655334803422685  0.13110400907723446
9  0.0  41.39484131308125  7.390191132824077  5.656522432823781  0.061269625111773036
10  0.0  42.53750326506813  9.168912575759197  5.656823391161359  0.018684785514677796
10
79.0
1  0.0  55.92426227441705  10.252600006473756  5.656708713358364  0.040577484096108084
2  0.0  53.73724193369581  9.513324615962084  5.6514099271509215  0.2481246366244006
3  0.0  50.09817023309834  11.853779900647215  5.653686190105186  -0.1892946481386112
4  0.0  52.907731039704935  10.299386603057782  5.656349579094066  0.0755608303447359
5  0.0  44.04305806429889  14.16113346353207  5.656280884204184  0.08053917671757124
6  0.0  51.29275442197493  10.224256240273217  5.656331580540501  -0.0768963651951586
7  0.0  41.734255189879875  10.301483032588363  5.649892743141381  0.28055657361461744
8  0.0  48.51919876995165  10.57095132863644  5.650213808312314  0.2740144528248203
9  0.0  47.051363745905036  7.45146075793585  5.654842850495993  0.1508387755000634
10  0.0  48.19432665622949  9.187597361273875  5.654374965163418  0.1674626923622627
10
80.0
1  0.0  61.580970987775416  10.293177490569864  5.65616260283041  -0.08845682756420045
2  0.0  59.388651860846736  9.761449252586484  5.65664208878259  -0.048992646522872545
3  0.0  55.75185642320352  11.664485252508603  5.656415787381376  0.0704303930327545
4  0.0  58.564080618799  10.374947433402518  5.656667948538286  -0.04590991156228363
5  0.0  49.699338948503076  14.241672640249641  5.654035493655834  0.17855709585463483
6  0.0  56.94908600251543  10.147359875078058  5.656526739956601  -0.060870683879565714
7  0.0  47.384147933021254  10.582039606202981  5.652390250003433  0.2246874755435592
8  0.0  54.169412578263966  10.84496578146126  5.656832559137559  0.01566518053636496
9  0.0  52.70620659640103  7.602299533435914  5.65021526686201  0.2739843756849467
10  0.0  53.84870162139291  9.355060053636137  5.655630121715926  0.1176772124904864
10
81.0
1  0.0  67.23713359060582  10.204720663005663  5.656769961605959  0.03088043834736509
2  0.0  65.04529394962933  9.712456606063611  5.656497128938829  -0.06356280600129585
3  0.0  61.4082722105849  11.734915645541358  5.649854787703466  -0.28131988529828805
4  0.0  64.22074856733728  10.329037521840235  5.65685309798719  0.003609403375319151
5  0.0  55.35337444215891  14.420229736104275  5.656630230175581  0.05034321268812529
6  0.0  62.60561274247203  10.086489191198492  5.656524931194524  0.06103853516267144
7  0.0  53.03653818302469  10.80672708174654  5.656122092707889  0.09101028723026615
8  0.0  59.82624513740153  10.860630961997625  5.650233484236035  -0.2736084311894279
9  0.0  58.356421863263044  7.87628390912086  5.656853336280761  0.0032143131798825146
10  0.0  59.504331743108835  9.472737266126623  5.656719344625233  -0.039067328328114236
10
82.0
1  0.0  72.89390355221178  10.235601101353028  5.6535616506379185  0.19297839888510432
2  0.0  70.70179107856815  9.648893800062316  5.651663172304162  0.2422878181436831
3  0.0  67.05812699828836  11.45359576024307  5.655085000591957  -0.1414695588453023
4  0.0  69.87760166532448  10.332646925215554  5.652763879741557  0.21508258853094708
5  0.0  61.01000467233449  14.4705729487924  5.656656756892192  -0.0472687497814917
6  0.0  68.26213767366656  10.147527726361163  5.656003808209263  -0.09808629630247064
7  0.0  58.69266027573258  10.897737368976808  5.65410182368937  -0.17644423298182615
8  0.0  65.47647862163757  10.587022530808197  5.655877823359191  -0.10510017713458744
9  0.0  64.01327519954381  7.879498222300743  5.652018046310826  -0.23386321681006503
10  0.0  65.16105108773407  9.43366993779851  5.656788963241569  0.027177662673633553
10
83.0
1  0.0  78.54746520284971  10.428579500238133  5.65482919996882  -0.15134965867157432
2  0.0  76.35345425087232  9.891181618206  5.650438054018451  -0.2693506964909349
3  0.0  72.71321199888031  11.312126201397769  5.649848640301571  -0.28144331877397716
4  0.0  75.53036554506603  10.547729513746502  5.651755605750301  0.24012199580638433
5  0.0  66.66666142922668  14.423304199010909  5.65533984089591  -0.13088653091678298
6  0.0  73.91814148187582  10.049441430058693  5.656849927375006  0.0069927932477521
7  0.0  64.34676209942195  10.721293135994982  5.656835621588032  0.014517242601492272
8  0.0  71.13235644499676  10.481922353673609  5.653786767961725  -0.18626642859341971
9  0.0  69.66529324585464  7.645635005490678  5.653988635172366  0.18003475592708984
10  0.0  70.81784005097563  9.460847600472142  5.654724234411972  -0.15522188232965617
10
84.0
1  0.0  84.20229440281852  10.277229841566559  5.6529495188937275  -0.21014694106548568
2  0.0  82.00389230489077  9.621830921715064  5.654153577974563  0.17477790671998797
3  0.0  78.36306063918188  11.030682882623791  5.656758658664675  0.032885827072738336
4  0.0  81.18212115081633  10.787851509552887  5.656712431088487  -0.04005586060698863
5  0.0  72.32200127012258  14.292417668094126  5.650765868525542  -0.2623834962545793
6  0.0  79.57499140925083  10.056434223306445  5.654007117381352  0.17945338280745687
7  0.0  70.00359772100998  10.735810378596474  5.656844169406248  0.010679094275347658
8  0.0  76.78614321295848  10.295655925080188  5.653595636997258  -0.19198013784140575
9  0.0  75.31928188102701  7.8256697614177675  5.652787981705762  -0.21444820792653657
10  0.0  76.4725642853876  9.305625718142487  5.655970058998134  0.10001345767779769
10
85.0
1  0.0  89.85524392171226  10.067082900501074  5.65426602154373  -0.17110160027317542
2  0.0  87.65804588286534  9.796608828435053  5.65212955944558  0.2311524242604578
3  0.0  84.01981929784655  11.06356870969653  5.656255235273676  0.08232079590942888
4  0.0  86.83883358190482  10.747795648945898  5.65680753429606  0.022989561355662148
5  0.0  77.97276713864812  14.030034171839548  5.652191107214152  0.22964252116988074
6  0.0  85.22899852663218  10.235887606113902  5.654201343869216  0.1732257572867614
7  0.0  75.66044189041622  10.746489472871822  5.654694712419886  -0.15629366375700218
8  0.0  82.43973884995573  10.103675787238783  5.653785861863592  -0.18629392956130203
9  0.0  80.97206986273277  7.611221553491231  5.655071137308412  -0.14202264601585707
10  0.0  82.12853434438574  9.405639175820285  5.654434713380472  0.16543298376660118
10
86.0
1  0.0  95.50950994325599  9.895981300227898  5.652627802648641  -0.21862965197703352
2  0.0  93.31017544231092  10.02776125269551  5.654842345726831  0.15085769776397542
3  0.0  89.67607453312023  11.145889505605957  5.655187602535764  0.13730688302419627
4  0.0  92.49564111620089  10.77078521030156  5.651001259437852  -0.2572640002639669
5  0.0  83.62495824586227  14.259676693009428  5.656398453442547  -0.07180902375582714
6  0.0  90.8831998705014  10.409113363400664  5.65179569304211  -0.23917659607637268
7  0.0  81.3151366028361  10.59019580911482  5.651291233876415  0.2508134564005641
8  0.0  88.09352471181933  9.917381857677482  5.656793097637717  0.026303051501955402
9  0.0  86.62714100004118  7.469198907475374  5.6560681474014585  -0.094303297665777
10  0.0  87.78296905776621  9.571072159586887  5.656535521449398  0.06004910141880485
10
87.0
1  0.0  1.16213774590463  9.677351648250864  5.650542845703427  0.26714331148245296
2  0.0  98.96501778803776  10.178618950459486  5.655442957358098  -0.12635250717202964
3  0.0  95.33126213565599  11.283196388630154  5.6567990812493285  0.0249830818110899
4  0.0  98.14664237563873  10.513521210037592  5.656159143392758  0.08867775715760322
5  0.0  89.28135669930482  14.1878676692536  5.656853566927313  -0.002778910172620442
6  0.0  96.5349955635435  10.169936767324291  5.654032596505127  -0.17864881096027765
7  0.0  86.96642783671253  10.841009265515384  5.655612558895709  0.11851828407945257
8  0.0  93.75031780945704  9.943684909179437  5.655889953245951  0.10444537697545306
9  0.0  92.28320914744263  7.374895609809597  5.656827863913819  -0.01727767484992815
10  0.0  93.43950457921561  9.631121261005692  5.652974729467396  -0.20946767770480135
10
88.0
1  0.0  6.812680591608057  9.944494959733317  5.654408784143516  0.16631687166562542
2  0.0  4.62046074539586  10.052266443287456  5.652603312890121  -0.21926191439373383
3  0.0  0.9880612169053222  11.308179470441244  5.65652690662003  0.060855194385141066
4  0.0  3.8028015190314903  10.602198967195195  5.651974170184904  0.23492121990717255
5  0.0  94.93821026623213  14.18508875908098  5.656388231097043  -0.0726097728056222
6  0.0  2.189028160048636  9.991287956364014  5.654616142983037  0.15911089062556927
7  0.0  92.62204039560824  10.959527549594837  5.656521693351092  -0.06133785656919444
8  0.0  99.40620776270299  10.04813028615489  5.652870527527057  -0.21226115757716574
9  0.0  97.94003701135645  7.357617934959669  5.656444869526228  -0.06805466927709485
10  0.0  99.09247930868301  9.421653583300891  5.6556770725631536  0.11539866066597708
10
89.0
1  0.0  12.467089375751573  10.110811831398943  5.652869095881959  0.21229928125806527
2  0.0  10.273064058285982  9.833004528893722  5.655788999646657  -0.1097760970149579
3  0.0  6.644588123525352  11.369034664826385  5.656173937893422  -0.08772903906482202
4  0.0  9.454775689216394  10.837120187102368  5.655967246683233  0.10017237366904769
5  0.0  0.5945984973291729  14.112478986275358  5.64998946988733  -0.2786018488135092
6  0.0  7.843644303031673  10.150398846989583  5.6555280745235805  -0.12248346123304077
7  0.0  98.27856208895933  10.898189693025643  5.652747726996572  0.21550669348096355
8  0.0  5.0590782902300475  9.835869128577725  5.653012087851325  -0.20845703299920193
9  0.0  3.5964818808826777  7.289563265682574  5.655038862637933  0.1433019959898676
10  0.0  4.748156381246162  9.537052243966869  5.655148891663841  0.13889209161525698
10
90.0
1  0.0  18.11995847163353  10.323111112657008  5.6568327787808235  0.015585663631276635
2  0.0  15.928853057932638  9.723228431878765  5.656462774595374  -0.06654982807475
3  0.0  12.300762061418775  11.281305625761563  5.654908781678635  -0.14834645561613782
4  0.0  15.110742935899626  10.937292560771416  5.651641084612532  0.24280249323204273
5  0.0  6.2445879672165026  13.83387713746185  5.655250958235765  0.13467219227991148
6  0.0  13.499172377555254  10.027915385756543  5.6503344090802505  -0.2715162344386886
7  0.0  3.931309815955899  11.113696386506605  5.656316456254539  0.07800094040523907
8  0.0  10.712090378081372  9.627412095578523  5.6563237595427776  -0.07746952453630197
9  0.0  9.251520743520611  7.4328652616724415  5.653643388343357  0.19056872104688405
10  0.0  10.403305272910004  9.675944335582127  5.655132309369486  0.13956562444021509
10
91.0
1  0.0  23.776791250414355  10.338696776288284  5.654576797408041  -0.16050309098152196
2  0.0  21.58531583252801  9.656678603804014  5.655741207356004  0.11221138719054007
3  0.0  17.95567084309741  11.132959170145424  5.654744234052414  -0.15449157728176538
4  0.0  20.762384020512158  11.18009505400346  5.656039101332414  -0.09602960063867544
5  0.0  11.899838925452269  13.96854932974176  5.6533023487727  -0.2004309191744059
6  0.0  19.149506786635506  9.756399151317854  5.654366243790964  -0.16775691066923953
7  0.0  9.58762627221044  11.191697326911845  5.6524255136221875  0.22379859908624639
8  0.0  16.36841413762415  9.549942571042221  5.654123877987152  -0.17573608728873383
9  0.0  14.90516413186397  7.623433982719326  5.6567465093399365  -0.03491316471549675
10  0.0  16.05843758227949  9.815509960022341  5.656759942737564  -0.03266420425727828
10
92.0
1  0.0  29.431368047822396  10.178193685306763  5.656853340707153  0.003206513733721565
2  0.0  27.241057039884016  9.768889990994554  5.65577002930937  -0.11074915605035049
3  0.0  23.610415077149824  10.978467592863659  5.656850708001384  -0.006329880272111585
4  0.0  26.418423121844572  11.084065453364783  5.650498995865968  -0.268069203225014
5  0.0  17.55314127422497  13.768118410567354  5.653250013703034  0.20190166558666242
6  0.0  24.80387303042647  9.588642240648614  5.656849584522584  -0.007264852833346777
7  0.0  15.240051785832627  11.41549592599809  5.656647324905541  0.04838431191002054
8  0.0  22.022538015611303  9.374206483753488  5.651880587686204  -0.2371620174814624
9  0.0  20.561910641203905  7.588520818003829  5.654763330730671  -0.15379100566602127
10  0.0  21.715197525017054  9.782845755765063  5.655438290863594  0.12656120351011704
10
93.0
1  0.0  35.08822138852955  10.181400199040484  5.656805875103947  -0.02339425975473931
2  0.0  32.896827069193385  9.658140834944204  5.656835531851184  -0.0145521677394222
3  0.0  29.26726578515121  10.972137712591547  5.653711622254815  -0.18853353118438387
4  0.0  32.06892211771054  10.815996250139769  5.651202420239413  -0.25280665632101906
5  0.0  23.206391287928003  13.970020076154016  5.654548999182842  -0.16147945949976222
6  0.0  30.460722614949056  9.581377387815268  5.656802367180723  0.0242276424481508
7  0.0  20.89669911073817  11.46388023790811  5.650807170199456  -0.2614924955375244
8  0.0  27.674418603297507  9.137044466272025  5.656037758005551  0.09610868855393338
9  0.0  26.216673971934576  7.434729812337808  5.655061815226306  0.14239334945622034
10  0.0  27.370635815880647  9.90940695927518  5.656825540339013  -0.01802237965105318
10
94.0
1  0.0  40.745027263633496  10.158005939285744  5.6548523752143165  -0.1504812763535964
2  0.0  38.55366260104457  9.643588667204781  5.652545559146604  -0.2207457854002868
3  0.0  34.92097740740603  10.783604181407163  5.651424217155382  0.2477989462239567
4  0.0  37.72012453794996  10.56318959381875  5.656670184877937  -0.045633534960688
5  0.0  28.860940287110846  13.808540616654254  5.656030217298567  0.09655144227587956
6  0.0  36.11752498212978  9.605605030263419  5.656254475053821  0.08237301398912351
7  0.0  26.547506280937625  11.202387742370586  5.651560293262605  0.24467580922012036
8  0.0  33.33045636130306  9.233153154825958  5.6537927621434845  0.18608439680417765
9  0.0  31.87173578716088  7.577123161794028  5.6567576642971185  0.033056427753287786
10  0.0  33.02746135621966  9.891384579624127  5.656569948517934  0.05671346862853038
10
95.0
1  0.0  46.399879638847814  10.007524662932147  5.655371238549555  -0.12952279408074632
2  0.0  44.206208160191174  9.422842881804495  5.653393799392564  -0.19783465062947192
3  0.0  40.57240162456141  11.03140312763112  5.654978054883607  0.1456818409577747
4  0.0  43.376794722827896  10.517556058858062  5.656579646800223  0.055737773596273896
5  0.0  34.516970504409414  13.905092058930133  5.656595806218266  -0.05407296065464578
6  0.0  41.7737794571836  9.687978044252542  5.656758988140667  0.032829104310059205
7  0.0  32.19906657420023  11.447063551590707  5.656733902360464  -0.036899293838545455
8  0.0  38.98424912344654  9.419237551630136  5.650575813428058  0.2664450725794439
9  0.0  37.528493451458  7.610179589547316  5.656576948892702  0.05601090300766896
10  0.0  38.684031304737594  9.948098048252657  5.6552052288176435  -0.1365789879653573
10
96.0
1  0.0  52.05525087739737  9.8780018688514  5.654794674472454  0.15263416903820412
2  0.0  49.85960195958374  9.225008231175023  5.6564098482847225  0.07090577005842238
3  0.0  46.227379679445015  11.177084968588895  5.656464324974518  0.0664179214564516
4  0.0  49.03337436962812  10.573293832454336  5.655354907070436  0.13023392443731283
5  0.0  40.17356631062768  13.851019098275488  5.656066202583306  -0.09441987076293554
6  0.0  47.43053844532427  9.720807148562601  5.653656525770786  0.19017857032125257
7  0.0  37.855800476560695  11.410164257752163  5.6566426791203375  -0.04892443923357872
8  0.0  44.634824936874594  9.68568262420958  5.655190336724276  0.13719422517144522
9  0.0  43.185070400350696  7.6661904925549855  5.65386063983241  0.18401050337916494
10  0.0  44.33923653355524  9.8115190602873  5.656638194219165  0.049440263965604594
10
97.0
1  0.0  57.710045551869825  10.030636037889606  5.65308801619236  0.20638769629591644
2  0.0  55.516011807868466  9.295914001233445  5.6515872381918095  -0.24405263593629503
3  0.0  51.88384400441953  11.243502890045347  5.6556597440664245  -0.1162448250311556
4  0.0  54.68872927669855  10.70352775689165  5.65597748592392  0.09959256358652378
5  0.0  45.82963251321098  13.756599227512552  5.656029415928231  -0.09659837552766393
6  0.0  53.08419497109505  9.910985718883854  5.656844471945132  -0.010517614930044505
7  0.0  43.512443155681034  11.361239818518584  5.650732160366127  0.2631084411492482
8  0.0  50.29001527359887  9.822876849381025  5.6535870683521185  -0.19223230883937198
9  0.0  48.838931040183105  7.85020099593415  5.655294675179464  -0.13282370604226257
10  0.0  49.9958747277744  9.860959324252903  5.653864578424821  -0.18388944731325013
10
98.0
1  0.0  63.36313356806218  10.237023734185522  5.656705356563464  -0.041042770693735846
2  0.0  61.167599046060275  9.05186136529715  5.655557098406039  -0.12113590165201457
3  0.0  57.539503748485956  11.12725806501419  5.655870419331851  0.10549786598302002
4  0.0  60.34470676262247  10.803120320478174  5.655697820325836  -0.11437729303317222
5  0.0  51.48566192913921  13.660000851984888  5.654931941149851  0.14746098115502979
6  0.0  58.74103944304019  9.90046810395381  5.655968538937506  0.1000993833605067
7  0.0  49.16317531604716  11.624348259667832  5.65616826401811  0.08809409239208787
8  0.0  55.943602341950985  9.630644540541653  5.656776904649378  0.029581261389719136
9  0.0  54.49422571536257  7.717377289891887  5.656160609392527  0.08858420150543904
10  0.0  55.64973930619922  9.677069876939653  5.654907550264702  0.14839338920357023
10
99.0
1  0.0  69.01983892462565  10.195980963491786  5.656717882187658  -0.03927850987987831
2  0.0  66.82315614446631  8.930725463645135  5.656854038630186  -0.0015445495541983024
3  0.0  63.1953741678178  11.232755930997211  5.655795414923728  0.10944507539292275
4  0.0  66.0004045829483  10.688743027445001  5.653268876116778  -0.20137282420760763
5  0.0  57.14059387028907  13.807461833139918  5.652205121313252  0.22929733230081534
6  0.0  64.3970079819777  10.000567487314315  5.656529116398807  -0.06064944626749758
7  0.0  54.819343580065265  11.71244235205992  5.64989880879682  -0.2804343958153017
8  0.0  61.60037924660036  9.660225801931372  5.653620038860787  -0.19126017931542352
9  0.0  60.1503863247551  7.805961491397326  5.653996375736848  -0.1797914991165917
10  0.0  61.304646856463926  9.825463266143222  5.653443785334012  -0.19640103377601448
10
100.0
1  0.0  74.67655680681331  10.156702453611908  5.652131400843842  -0.2311073940726058
2  0.0  72.4800101830965  8.929180914090937  5.656070971009071  0.09413379259585089
3  0.0  68.85116958274153  11.342201006390134  5.656606288004433  -0.052965106520610615
4  0.0  71.65367345906509  10.487370203237393  5.652836523770702  0.2131648083619125
5  0.0  62.79279899160232  14.036759165440733  5.652374194672743  0.22509101136581297
6  0.0  70.0535370983765  9.939918041046818  5.656091032651885  0.09292055937714512
7  0.0  60.469242388862085  11.432007956244618  5.650017814867044  -0.2780264226383066
8  0.0  67.25399928546115  9.468965622615949  5.65668012332471  0.04438448358550971
9  0.0  65.80438270049194  7.626169992280735  5.649875467526118  0.2809042567255569
10  0.0  66.95809064179794  9.629062232367207  5.656735098370993  0.03671548525835165
10
101.0
1  0.0  80.32868820765715  9.925595059539303  5.650507476509608  0.2678903841294593
2  0.0  78.13608115410557  9.023314706686788  5.651692015966597  -0.24161406552474327
3  0.0  74.50777587074597  11.289235899869523  5.655839914043363  0.10712080430053614
4  0.0  77.30650998283579  10.700535011599307  5.654583653772209  -0.16026135682733694
5  0.0  68.44517318627506  14.261850176806545  5.656702048057191  0.04149625893504867
6  0.0  75.70962813102838  10.032838600423963  5.650173789336109  -0.27483840761301165
7  0.0  66.11926020372913  11.153981533606311  5.65469363836715  -0.15633251808279475
8  0.0  72.91067940878585  9.51335010620146  5.655775566826421  0.11046600241381158
9  0.0  71.45425816801806  7.907074249006292  5.65132020389224  -0.25015985505146404
10  0.0  72.61482574016892  9.66577771762556  5.649873851982848  0.28093674854056366
