10
0.0
1  0.0  1.4203148114868358  0.21915053761938807  4.030452886177739  3.969313483752769
2  0.0  1.158608495721667  5.242350912238971  3.7270149885116384  4.2555092850808816
3  0.0  2.5523761718695748  5.729986942553982  5.473776646561556  1.4275045441459477
4  0.0  6.52823272950527  4.8314163453370025  2.506382125843457  5.071296544203705
5  0.0  9.860283602668986  2.003082259856953  5.061489351964886  2.526128567580457
6  0.0  2.7806840897522687  1.331688258255599  2.369797874300115  5.136541446826129
7  0.0  3.3993548160651477  0.6754588503137926  4.396593892862395  3.5594890281113525
8  0.0  2.0656286899407608  4.212990929636366  3.147863660914047  4.700101527871161
9  0.0  9.575791393002364  6.604324103143461  3.703635336562011  4.275872459951209
10  0.0  6.772618415996153  2.6332417018646384  2.639598232388953  5.003251060217658
10
1.0
1  0.0  5.450767697664574  4.188464021372157  5.656237451906533  0.08353375156127045
2  0.0  4.885623484233305  9.497860197319852  5.655386938634868  0.12883545442983627
3  0.0  8.02615281843113  7.1574914866999295  5.650920620052352  0.2590292374755229
4  0.0  9.034614855348726  9.902712889540707  5.656769135796923  0.03103134375650267
5  0.0  14.921772954633871  4.52921082743741  5.6508361347922795  -0.2608658232230739
6  0.0  5.150481964052384  6.468229705081728  5.649995609322585  0.2784773144001492
7  0.0  7.7959487089275425  4.234947878425145  5.655798324592047  -0.10929460893288419
8  0.0  5.213492350854808  8.913092457507528  5.654843747596994  0.1508051400423904
9  0.0  13.279426729564374  10.880196563094671  5.655432020072104  -0.12684110667746262
10  0.0  9.412216648385105  7.636492762082296  5.653673877071568  -0.18966204606759846
10
2.0
1  0.0  11.107005149571107  4.271997772933427  5.653568236915874  -0.19278534834353023
2  0.0  10.541010422868172  9.626695651749689  5.655047448608402  0.14296277133438404
3  0.0  13.677073438483482  7.416520724175452  5.651427334928827  0.24772783053032185
4  0.0  14.69138399114565  9.93374423329721  5.656853730689379  0.0024227227783205846
5  0.0  20.57260908942615  4.2683450042143365  5.656539351945768  0.059687183623945025
6  0.0  10.80047757337497  6.746707019481877  5.65311121972447  0.2057511541287616
7  0.0  13.45174703351959  4.125653269492261  5.656850928197392  -0.006129939013159562
8  0.0  10.868336098451802  9.063897597549918  5.656749732243262  -0.034387014493824676
9  0.0  18.93485874963648  10.753355456417209  5.655985486538838  0.09913715782707122
10  0.0  15.065890525456673  7.446830716014698  5.655695462940967  -0.11449380100671866
10
3.0
1  0.0  16.760573386486982  4.0792124245898975  5.65684771841822  -0.008595965715172509
2  0.0  16.196057871476576  9.769658423084072  5.65260315541982  0.219265973962904
3  0.0  19.32850077341231  7.664248554705774  5.652138465072066  0.230934561408196
4  0.0  20.348237721835027  9.93616695607553  5.655809405219918  0.1087196938273739
5  0.0  26.22914844137192  4.328032187838281  5.656853463421936  -0.0029821755905191823
6  0.0  16.45358879309944  6.952458173610639  5.65623600021104  -0.0836319909879982
7  0.0  19.10859796171698  4.119523330479102  5.656665039792424  0.04626691680003054
8  0.0  16.525085830695065  9.029510583056092  5.655559953378002  0.12100253611816454
9  0.0  24.590844236175318  10.85249261424428  5.6530629792212155  0.20707233750202897
10  0.0  20.721585988397642  7.332336915007979  5.655661512852874  0.11615873636855766
10
4.0
1  0.0  22.417421104905202  4.070616458874725  5.651093016990593  0.2552405009400977
2  0.0  21.848661026896394  9.988924397046976  5.651359543551917  0.24926955190049824
3  0.0  24.980639238484375  7.89518311611397  5.656360325786355  -0.07475202251503599
4  0.0  26.004047127054946  10.044886649902903  5.655857513328361  -0.10618751775571027
5  0.0  31.886001904793854  4.325050012247762  5.655957901600043  -0.10069863617767287
6  0.0  22.10982479331048  6.868826182622641  5.656464454034207  -0.06640692921301979
7  0.0  24.765263001509403  4.165790247279133  5.650760913658198  0.26249018395507717
8  0.0  22.180645784073068  9.150513119174256  5.6503021265215585  0.2721872131933535
9  0.0  30.243907215396533  11.059564951746308  5.653271162511284  -0.20130862653723777
10  0.0  26.377247501250515  7.448495651376537  5.653240753330946  0.20216078966545775
10
5.0
1  0.0  28.068514121895795  4.325856959814823  5.656190863429001  -0.08663092093641891
2  0.0  27.50002057044831  10.238193948947474  5.654500033732863  -0.16318507442488467
3  0.0  30.63699956427073  7.820431093598934  5.655819428675785  0.10819699724817086
4  0.0  31.659904640383306  9.938699132147192  5.65443291159725  0.16549455654441939
5  0.0  37.5419598063939  4.224351376070089  5.65668638137944  0.04357961354115121
6  0.0  27.766289247344687  6.802419253409621  5.656666688649974  -0.04606488378085286
7  0.0  30.4160239151676  4.42828043123421  5.651465478739169  0.2468561172413116
8  0.0  27.830947910594627  9.42270033236761  5.65682366129339  0.01860282320638831
9  0.0  35.897178377907814  10.858256325209071  5.656003383964031  0.09811075673659203
10  0.0  32.03048825458146  7.650656441041995  5.65582040079176  -0.10814616954726143
10
6.0
1  0.0  33.7247049853248  4.239226038878404  5.65610719611454  -0.09193142042473802
2  0.0  33.15452060418117  10.07500887452259  5.656845926794782  0.009703633612617923
3  0.0  36.292818992946515  7.928628090847105  5.655442084048376  -0.12639158980947846
4  0.0  37.31433755198056  10.104193688691613  5.654992138165109  0.14513413551196383
5  0.0  43.198646187773335  4.267930989611241  5.652249126648697  0.22821001358190507
6  0.0  33.422955935994665  6.756354369628768  5.65384700174684  -0.18442906722714175
7  0.0  36.06748939390677  4.675136548475522  5.656736151697668  0.036552839515674326
8  0.0  33.48777157188802  9.441303155573998  5.651757079359826  0.24008730892341773
9  0.0  41.55318176187185  10.956367081945663  5.650175474561501  -0.27480376027943504
10  0.0  37.686308655373224  7.542510271494733  5.656841964357323  0.011789414149720958
10
7.0
1  0.0  39.38081218143934  4.147294618453666  5.653552574142213  0.19324412386913328
2  0.0  38.81136653097595  10.084712508135208  5.6539363084107075  -0.18167063723979332
3  0.0  41.94826107699489  7.802236501037626  5.656854225657724  -5.192863889445897E-4
4  0.0  42.96932969014566  10.249327824203576  5.6531109834436  0.20575764595593427
5  0.0  48.85089531442203  4.496141003193146  5.652831086559094  0.21330894690835667
6  0.0  39.076802937741505  6.571925302401626  5.65383702750402  -0.18473458372625745
7  0.0  41.72422554560444  4.711689387991196  5.653481381964197  0.19531580525957895
8  0.0  39.13952865124784  9.681390464497415  5.651138240544425  -0.2542372637055109
9  0.0  47.20335723643335  10.681563321666228  5.654978511449791  -0.14566411720500044
10  0.0  43.34315061973055  7.554299685644454  5.649831901835832  -0.28177913513624214
10
8.0
1  0.0  45.03436475558155  4.340538742322799  5.656129728096478  -0.09053451796556952
2  0.0  44.46530283938666  9.903041870895414  5.656405326828494  -0.07126555006627151
3  0.0  47.605115302652614  7.801717214648682  5.650478293943332  0.2685052134973519
4  0.0  48.62244067358927  10.45508547015951  5.652938031594846  0.2104557220618706
5  0.0  54.50372640098113  4.709449950101503  5.6544725184665605  0.1641357301334981
6  0.0  44.73063996524552  6.3871907186753685  5.655845819362006  -0.10680855586197507
7  0.0  47.37770692756864  4.907005193250775  5.654847689298754  0.15065726279389138
8  0.0  44.79066689179227  9.427153200791905  5.651672801397214  0.2420631032333771
9  0.0  52.85833574788314  10.535899204461227  5.655815662194425  -0.10839370496593445
10  0.0  48.99298252156638  7.2725205505082124  5.652080176778932  -0.23235678441281862
10
9.0
1  0.0  50.69049448367803  4.250004224357229  5.65551980954075  -0.12286449402554143
2  0.0  50.12170816621516  9.831776320829142  5.652691431147582  -0.21697830359442755
3  0.0  53.25559359659594  8.070222428146034  5.655674976383013  0.11550134854193396
4  0.0  54.27537870518411  10.665541192221381  5.653898325747179  -0.18284890514640187
5  0.0  60.15819891944769  4.873585680235001  5.650757618475401  0.26256111144310074
6  0.0  50.38648578460753  6.280382162813393  5.65138509523178  -0.248689576363952
7  0.0  53.032554616867394  5.057662456044667  5.654341869016063  0.16857647609300597
8  0.0  50.44233969318948  9.669216304025282  5.65592739495038  -0.10239776877359962
9  0.0  58.51415141007757  10.427505499495293  5.65683989263761  0.012744766130318465
10  0.0  54.64506269834531  7.040163766095394  5.652687108064358  0.21709089875679322
10
10.0
1  0.0  56.34601429321878  4.127139730331688  5.655768031725885  -0.11085112226541782
2  0.0  55.77439959736274  9.614798017234715  5.654640629911181  0.15823825883049436
3  0.0  58.911268572978955  8.185723776687967  5.656834731093387  -0.014860184912069356
4  0.0  59.92927703093129  10.482692287074979  5.650064641937859  -0.2770731707033434
5  0.0  65.8089565379231  5.136146791678102  5.65429917235715  -0.17000255727863348
6  0.0  56.03787087983931  6.0316925864494415  5.653917357377518  0.18225947422625025
7  0.0  58.68689648588346  5.226238932137672  5.655384566284445  0.12893954952497153
8  0.0  56.09826708813986  9.566818535251683  5.656853824686979  -0.0021922874577627784
9  0.0  64.17099130271518  10.440250265625611  5.650372311540396  0.2707263211762916
10  0.0  60.29774980640967  7.257254664852187  5.65349565807916  0.19490213975251539
10
11.0
1  0.0  62.001782324944664  4.0162886080662705  5.655491897306658  -0.12414265785268642
2  0.0  61.429040227273916  9.77303627606521  5.655718759402531  -0.11333717193541099
3  0.0  64.56810330407234  8.170863591775896  5.651751281539618  0.24022375322871536
4  0.0  65.57934167286915  10.205619116371636  5.656440244900446  0.06843797097068745
5  0.0  71.46325571028025  4.966144234399469  5.655900495308224  -0.1038729376315767
6  0.0  61.69178823721683  6.213952060675692  5.654039703404143  0.17842374373831343
7  0.0  64.3422810521679  5.3551784816626435  5.655406241341817  -0.12798533272227422
8  0.0  61.75512091282684  9.56462624779392  5.653144264728585  0.20484121207978612
9  0.0  69.82136361425557  10.710976586801902  5.656653565373188  0.04764914847932386
10  0.0  65.95124546448884  7.452156804604702  5.655823314374074  -0.10799368769832687
10
12.0
1  0.0  67.65727422225132  3.892145950213584  5.654374311809395  -0.16748475139552477
2  0.0  67.08475898667645  9.659699104129798  5.654399305292608  0.16663881992650142
3  0.0  70.21985458561196  8.411087345004612  5.65421448349795  -0.17279633850870676
4  0.0  71.2357819177696  10.274057087342324  5.656736172227052  -0.03654966235186409
5  0.0  77.11915620558847  4.862271296767892  5.656476223641671  -0.06539672297971354
6  0.0  67.34582794062096  6.392375804414005  5.656852242711178  -0.004764885467232703
7  0.0  69.99768729350973  5.227193148940369  5.653250608479018  0.20188501116134852
8  0.0  67.40826517755542  9.769467459873706  5.655046459912535  0.14300187492025085
9  0.0  75.47801717962876  10.758625735281226  5.655689834878336  -0.11477147578499185
10  0.0  71.60706877886291  7.344163116906375  5.655686429256199  -0.11493917490263074
10
13.0
1  0.0  73.31164853406071  3.724661198818059  5.655783871524082  0.11003998640524207
2  0.0  72.73915829196906  9.826337924056299  5.6542311660573885  0.17224958863616824
3  0.0  75.87406906910991  8.238291006495905  5.654805945375991  -0.15221603115422563
4  0.0  76.89251808999666  10.23750742499046  5.654169418578671  -0.1742647009859606
5  0.0  82.77563242923014  4.796874573788179  5.655005130059216  0.1446270341394589
6  0.0  73.00268018333215  6.3876109189467725  5.656263587632543  -0.08174489110789535
7  0.0  75.65093790198874  5.429078160101717  5.656803113542084  0.024052746632912417
8  0.0  73.06331163746796  9.912469334793958  5.653881631078957  -0.18336439607500532
9  0.0  81.1337070145071  10.643854259496235  5.656618264506375  0.0516702008210396
10  0.0  77.2627552081191  7.2292239420037445  5.651205662631322  -0.2527341659604004
10
14.0
1  0.0  78.96743240558479  3.834701185223301  5.656611295115289  -0.052427626058474265
2  0.0  78.39338945802645  9.998587512692467  5.6504824655402555  -0.2684174111754669
3  0.0  81.5288750144859  8.08607497534168  5.651661693731532  0.2423223052210263
4  0.0  82.54668750857533  10.0632427240045  5.654201310920943  -0.17322683273639272
5  0.0  88.43063755928935  4.941501607927638  5.653887570065482  -0.18318118096318062
6  0.0  78.65894377096468  6.305866027838877  5.656764878876938  0.03179787892895936
7  0.0  81.30774101553082  5.453130906734629  5.650725763703649  0.26324578518147346
8  0.0  78.71719326854692  9.729104938718953  5.655634950020799  -0.1174449322161004
9  0.0  86.79032527901347  10.695524460317275  5.652108056023899  0.23167762738283207
10  0.0  82.91396087075043  6.976489776043344  5.651248155543716  0.25178221633739734
10
15.0
1  0.0  84.62404370070007  3.782273559164827  5.653851413165942  0.18429378134240107
2  0.0  84.0438719235667  9.730170101517  5.656364291879983  0.07445130989496818
3  0.0  87.18053670821743  8.328397280562706  5.656843230612187  -0.01116531580672603
4  0.0  88.20088881949627  9.890015891268106  5.656474580340981  0.065538705787639
5  0.0  94.08452512935483  4.758320426964457  5.653288830453662  -0.2008118509149497
6  0.0  84.31570864984162  6.337663906767836  5.6537543809367135  0.18724689593935756
7  0.0  86.95846677923447  5.7163766919161025  5.654762962186361  -0.1538045561267461
8  0.0  84.37282821856772  9.611660006502852  5.6545841523826414  0.16024376313319738
9  0.0  92.44243333503738  10.927202087700106  5.652133046262091  -0.23106714901088035
10  0.0  88.56520902629414  7.2282719923807415  5.65052946003587  0.2674262912781045
10
16.0
1  0.0  90.27789511386601  3.966567340507228  5.6526541045583105  0.21794855865569243
2  0.0  89.70023621544668  9.804621411411969  5.6568219476009585  0.01911682871517851
3  0.0  92.83737993882961  8.31723196475598  5.65230952582887  0.2267091180879332
4  0.0  93.85736339983725  9.955554597055745  5.6567468302259885  -0.034861134924604076
5  0.0  99.73781395980849  4.557508576049507  5.6565217701257815  0.06133077606810767
6  0.0  89.96946303077834  6.524910802707193  5.652637349567566  0.2183826785112783
7  0.0  92.61322974142084  5.562572135789356  5.65682261098601  0.018919509439238723
8  0.0  90.02741237095036  9.77190376963605  5.656036504779329  -0.09618241317226002
9  0.0  98.09456638129947  10.696134938689227  5.650747997308955  0.2627680933995452
10  0.0  94.21573848633001  7.495698283658846  5.655010357373052  -0.14442249825953174
10
17.0
1  0.0  95.93054921842432  4.18451589916292  5.656665769600174  -0.046177603160772865
2  0.0  95.35705816304764  9.823738240127147  5.654802305926639  -0.1523511761910373
3  0.0  98.48968946465848  8.543941082843913  5.6567884782490365  -0.027278422772378217
4  0.0  99.51411023006324  9.92069346213114  5.651049071217416  -0.2562116209167058
5  0.0  5.394335729934269  4.6188393521176145  5.651544403428694  0.2450425597193817
6  0.0  95.62210038034591  6.743293481218472  5.656816172789005  -0.020755415504181814
7  0.0  98.27005235240685  5.581491645228595  5.656301821277305  -0.07905508595305406
8  0.0  95.68344887572968  9.67572135646379  5.6529305234827225  0.2106572967579307
9  0.0  3.745314378608427  10.958903032088772  5.652702345596202  -0.21669377492489508
10  0.0  99.87074884370307  7.351275785399314  5.656773636228854  -0.030199809042566386
10
18.0
1  0.0  1.587214988024499  4.138338296002147  5.655990024971659  0.09887789146773135
2  0.0  1.0118604689742767  9.671387063936109  5.653065026141537  0.20701644914210937
3  0.0  4.146477942907524  8.516662660071535  5.654660989889117  0.15750901379357857
4  0.0  5.165159301280653  9.664481841214435  5.656694321504587  -0.0425364908960141
5  0.0  11.045880133362964  4.863881911836996  5.655645278362416  0.1169465063049426
6  0.0  1.2789165531349198  6.72253806571429  5.65457404989728  0.16059985749768999
7  0.0  3.9263541736841603  5.502436559275541  5.655925359521249  -0.10251013376460132
8  0.0  1.3363793992124045  9.88637865322172  5.655161131091576  -0.1383928516616478
9  0.0  9.398016724204629  10.742209257163877  5.651297746271492  0.25066667705691714
10  0.0  5.527522479931918  7.321075976356747  5.653348488290889  0.1991252619311396
10
19.0
1  0.0  7.243205012996158  4.237216187469879  5.654159248300166  0.17459437236549424
2  0.0  6.6649254951158134  9.878403513078219  5.653267901917631  0.20140017166789298
3  0.0  9.80113893279664  8.674171673865114  5.656707398045304  -0.04076043301430653
4  0.0  10.821853622785241  9.621945350318422  5.656404546564004  -0.07132745341067193
5  0.0  16.701525411725378  4.980828418141939  5.650491879022768  0.26821917362068914
6  0.0  6.9334906030322  6.88313792321198  5.655731045542842  0.11272240452933034
7  0.0  9.582279533205408  5.399926425510939  5.656824229879205  -0.018429114236614683
8  0.0  6.991540530303981  9.747985801560073  5.652167286760677  0.23022806621359226
9  0.0  15.049314470476121  10.992875934220795  5.651052180274383  0.25614303780534414
10  0.0  11.180870968222806  7.5202012382878864  5.656847383031667  -0.00881391444266821
10
20.0
1  0.0  12.897364261296325  4.411810559835373  5.656057902421247  -0.09491577560221912
2  0.0  12.318193397033443  10.079803684746112  5.6559340616578675  -0.10202886933786096
3  0.0  15.457846330841944  8.633411240850808  5.654357373093403  0.16805563764499298
4  0.0  16.478258169349246  9.550617896907749  5.651067415732449  0.25580669038743287
5  0.0  22.352017290748144  5.249047591762627  5.655831814760613  0.10754758547586583
6  0.0  12.589221648575041  6.995860327741311  5.650476067423344  0.2685520647398362
7  0.0  15.239103763084614  5.381497311274324  5.650162095639971  0.27507870327114003
8  0.0  12.643707817064659  9.978213867773665  5.655714862612712  -0.11353146181423406
9  0.0  20.700366650750503  11.249018972026139  5.656808377073853  0.022781243756255634
10  0.0  16.837718351254473  7.511387323845218  5.651031400270999  0.2566010778450021
10
21.0
1  0.0  18.55342216371757  4.3168947842331535  5.655033258054658  -0.143522995703547
2  0.0  17.97412745869131  9.977774815408251  5.6534776896539265  -0.19542265115723434
3  0.0  21.112203703935347  8.801466878495802  5.656540117232294  0.05961461349087713
4  0.0  22.129325585081695  9.806424587295181  5.649862702844071  -0.2811608774553843
5  0.0  28.007849105508758  5.356595177238493  5.649997375543402  0.27844147742871656
6  0.0  18.239697715998386  7.264412392481147  5.656375700375706  -0.07357945500782728
7  0.0  20.889265858724585  5.656576014545464  5.652228760929912  -0.22871386953291614
8  0.0  18.29942267967737  9.86468240595943  5.653993806727825  -0.17987226991230326
9  0.0  26.357175027824354  11.271800215782395  5.65608547590205  0.09325818618162403
10  0.0  22.48874975152547  7.7679884016902205  5.6568028529773855  0.024113949218923375
10
22.0
1  0.0  24.20845542177223  4.173371788529606  5.65669548095886  0.04238202094772046
2  0.0  23.627605148345236  9.782352164251018  5.655786120701544  -0.10992432342210438
3  0.0  26.76874382116764  8.86108149198668  5.652564901047687  -0.22024994765891479
4  0.0  27.779188287925766  9.525263709839797  5.654745346948464  -0.15445083737128779
5  0.0  33.65784648105216  5.63503665466721  5.656623160426976  -0.05113140836258664
6  0.0  23.89607341637409  7.19083293747332  5.651034170336125  0.2565400664486971
7  0.0  26.541494619654497  5.427862145012548  5.654850626209074  -0.1505469868939481
8  0.0  23.953416486405196  9.684810136047126  5.656530084071879  0.06055912804678178
9  0.0  32.01326050372641  11.365058401964019  5.656209069947742  -0.08543393377868583
10  0.0  28.145552604502857  7.792102350909144  5.653675094517343  -0.1896257515063228
10
23.0
1  0.0  29.865150902731088  4.215753809477327  5.656388576025046  0.07258289752663091
2  0.0  29.28339126904678  9.672427840828913  5.656067776907689  0.09432551630678776
3  0.0  32.42130872221533  8.640831544327765  5.654694852547919  0.15628859385149227
4  0.0  33.43393363487423  9.370812872468509  5.653486937900018  0.1951549204961988
5  0.0  39.314469641479135  5.5839052463046235  5.6568332476828544  0.015414535668312935
6  0.0  29.547107586710215  7.447373003922017  5.6567957804283795  0.02571961367662666
7  0.0  32.19634524586357  5.2773151581186  5.653850970878405  -0.18430734954778136
8  0.0  29.609946570477074  9.745369264093908  5.655915484501632  0.10305354033059971
9  0.0  37.66946957367415  11.279624468185332  5.6567376801800755  0.036315528785151534
10  0.0  33.7992276990202  7.602476599402822  5.6564505510683665  -0.06758079104598624
10
24.0
1  0.0  35.52153947875613  4.288336707003958  5.653262634695253  -0.20154796738868574
2  0.0  34.93945904595447  9.7667533571357  5.6538356151813405  -0.1847778030691342
3  0.0  38.07600357476325  8.797120138179258  5.656819959506461  -0.019696337967339404
4  0.0  39.08742057277425  9.565967792964708  5.6532519453834125  0.20184757124787117
5  0.0  44.97130288916199  5.599319781972937  5.650903746806549  0.2593970784872816
6  0.0  35.203903367138594  7.473092617598644  5.6552564551914575  -0.13444116190862887
7  0.0  37.85019621674197  5.093007808570818  5.656840683772501  -0.012388640614140517
8  0.0  35.265862054978705  9.848422804424507  5.653418897334937  0.19711613646839285
9  0.0  43.32620725385422  11.315939996970483  5.656063982365186  0.09455277569312438
10  0.0  39.45567825008857  7.534895808356835  5.655208326182727  0.13645067780549502
10
25.0
1  0.0  41.174802113451385  4.0867887396152724  5.6562186362965186  -0.08479822175009004
2  0.0  40.593294661135815  9.581975554066567  5.6565631948214365  0.057383124623245046
3  0.0  43.73282353426971  8.777423800211919  5.651579501350931  -0.24423173403546355
4  0.0  44.74067251815766  9.767815364212579  5.654423991851189  0.16579903611803087
5  0.0  50.62220663596854  5.858716860460218  5.656581340902155  0.05556558069168861
6  0.0  40.85915982233005  7.338651455690015  5.650085345119574  -0.2766506693738922
7  0.0  43.50703690051447  5.0806191679566775  5.654652444440512  0.15781550171938036
8  0.0  40.91928095231364  10.0455389408929  5.656496651950758  0.0636052393271996
9  0.0  48.982271236219404  11.410492772663607  5.656453183761946  -0.06736007652420146
10  0.0  45.1108865762713  7.671346486162331  5.650131896362879  0.27569830195857686
10
26.0
1  0.0  46.83102074974791  4.001990517865182  5.65676284872532  -0.03215700982720709
2  0.0  46.24985785595725  9.639358678689812  5.655817729124782  -0.10828580201403992
3  0.0  49.38440303562064  8.533192066176456  5.656768408551003  0.031163632961576815
4  0.0  50.39509651000885  9.93361440033061  5.656771501321485  -0.030597088702700732
5  0.0  56.278787976870696  5.914282441151907  5.655286267285704  0.1331812113240987
6  0.0  46.50924516744962  7.062000786316123  5.654211154938206  -0.1729052207781586
7  0.0  49.161689344954986  5.2384346696760575  5.655682752601965  0.11511994579854451
8  0.0  46.5757776042644  10.109144180220099  5.653107872335807  -0.20584310465723948
9  0.0  54.63872441998135  11.343132696139406  5.653285461750115  -0.20090666480928754
10  0.0  50.76101847263418  7.947044788120907  5.656681889464054  0.0441588202899622
10
27.0
1  0.0  52.48778359847323  3.9698335080379747  5.654960125407787  -0.1463761594248547
2  0.0  51.90567558508204  9.531072876675772  5.650565187931926  0.2666703150556133
3  0.0  55.041171444171646  8.564355699138034  5.656524327073253  0.06109449425687059
4  0.0  56.051868011330335  9.90301731162791  5.655933294321855  -0.10207139747028235
5  0.0  61.9340742441564  6.047463652476006  5.655611935179587  0.11854804365421329
6  0.0  52.16345632238783  6.889095565537964  5.653041447115188  0.20765932966714207
7  0.0  54.817372097556955  5.353554615474602  5.655935223722328  0.10196443035223066
8  0.0  52.22888547660021  9.90330107556286  5.651570801500693  0.24443296754901708
9  0.0  60.29200988173147  11.142226031330118  5.651473780683334  0.2466659811340665
10  0.0  56.41770036209823  7.99120360841087  5.655471074901679  -0.1250876530696265
10
28.0
1  0.0  58.14274372388102  3.82345734861312  5.654203997808685  0.17313910928585888
2  0.0  57.55624077301396  9.797743191731385  5.656783556839984  -0.028280577519022458
3  0.0  60.697695771244895  8.625450193394904  5.651299360472558  0.25063028213381777
4  0.0  61.70780130565219  9.800945914157627  5.653823088256405  -0.18516070506132284
5  0.0  67.58968617933598  6.166011696130219  5.656853934662657  -0.001887297441595474
6  0.0  57.816497769503016  7.096754895205106  5.6558222482168  0.10804950983631281
7  0.0  60.473307321279286  5.455519045826833  5.655912206148384  0.10323331023323093
8  0.0  57.88045627810091  10.147734043111877  5.65380946108285  0.18557633946723837
9  0.0  65.9434836624148  11.388892012464185  5.652013272664165  -0.23397855805205872
10  0.0  62.07317143699991  7.866115955341243  5.653158253871449  0.20445477907141307
10
29.0
1  0.0  63.796947721689705  3.996596457898979  5.64996604315368  -0.2790765328908486
2  0.0  63.213024329853944  9.769462614212364  5.650893460774192  -0.25962106035431426
3  0.0  66.34899513171746  8.876080475528722  5.656485834778395  -0.0645600569345088
4  0.0  67.3616243939086  9.615785209096304  5.650706021038364  0.26366923180524904
5  0.0  73.24654011399865  6.164124398688624  5.655922747230612  -0.10265416386755867
6  0.0  63.47232001771982  7.204804405041419  5.656854011915378  -0.0016394745792938314
7  0.0  66.12921952742767  5.558752356060063  5.656620679680489  0.051405118529554046
8  0.0  63.53426573918376  10.333310382579114  5.655543729674062  -0.1217584565621643
9  0.0  71.59549693507897  11.154913454412126  5.653497030612825  -0.19486232281274107
10  0.0  67.72632969087135  8.070570734412657  5.656806258238278  -0.02330143249409249
10
30.0
1  0.0  69.44691376484339  3.7175199250081303  5.656854247896045  1.3438934506776422E-4
2  0.0  68.86391779062814  9.509841553858049  5.653277468040623  0.20113147278390106
3  0.0  72.00548096649585  8.811520418594213  5.656069561885202  -0.09421842237993852
4  0.0  73.01233041494696  9.879454440901553  5.655331971913982  -0.13122609286078915
5  0.0  78.90246286122925  6.061470234821065  5.654726126000921  -0.15515295653850494
6  0.0  69.1291740296352  7.203164930462125  5.656837436665918  -0.0137918503099766
7  0.0  71.78584020710815  5.610157474589617  5.6568489904662425  -0.00771356344670473
8  0.0  69.18980946885782  10.21155192601695  5.65644013032041  0.06844744042566973
9  0.0  77.2489939656918  10.960051131599386  5.656831798931519  0.015937333440800828
10  0.0  73.38313594910963  8.047269301918565  5.655573959835078  0.12034610436321924
10
31.0
1  0.0  75.10376801273944  3.717654314353198  5.653418964276328  0.19711421653648356
2  0.0  74.51719525866876  9.71097302664195  5.650597463484087  -0.2659855365752681
3  0.0  77.66155052838106  8.717301996214275  5.656737037833605  0.03641544729258042
4  0.0  78.66766238686094  9.748228348040763  5.656322213118139  0.07758235228652015
5  0.0  84.55718898723018  5.90631727828256  5.65194462538304  0.2356309648662389
6  0.0  74.78601146630112  7.189373080152149  5.656830382577666  -0.01643236885603726
7  0.0  77.4426891975744  5.602443911142912  5.656576931273775  -0.05601268232604801
8  0.0  74.84624959917822  10.27999936644262  5.655392034651676  -0.1286115640149642
9  0.0  82.90582576462332  10.975988465040187  5.651056718332337  0.2560428991223196
10  0.0  79.03870990894471  8.167615406281785  5.654240044343709  -0.17195790455828955
10
32.0
1  0.0  80.75718697701576  3.9147685308896816  5.65669583713051  0.04233445630193055
2  0.0  80.16779272215285  9.444987490066682  5.656341894975017  -0.07613387649699707
3  0.0  83.31828756621466  8.753717443506854  5.656806235282867  -0.023307004631552455
4  0.0  84.32398459997908  9.825810700327283  5.6559309766019314  0.10219974517931889
5  0.0  90.20913361261321  6.141948243148799  5.655368704142686  -0.12963340697329992
6  0.0  80.44284184887879  7.172940711296111  5.654294796952748  -0.1701480213022909
7  0.0  83.09926612884817  5.546431228816864  5.656384830578611  -0.07287419570854767
8  0.0  80.5016416338299  10.151387802427656  5.656848213703688  -0.00826360196288208
9  0.0  88.55688248295566  11.232031364162506  5.651890045654335  -0.23693651435235213
10  0.0  84.69294995328842  7.995657501723495  5.65541637110808  -0.127536933484962
10
33.0
1  0.0  86.41388281414628  3.957102987191612  5.649911034499802  -0.2801879766110744
2  0.0  85.82413461712787  9.368853613569685  5.656662627342592  0.04656093239645433
3  0.0  88.97509380149754  8.730410438875301  5.655171500262821  0.1379684841374596
4  0.0  89.97991557658102  9.928010445506603  5.654027484238688  -0.17881053513012848
5  0.0  95.8645023167559  6.012314836175499  5.655298388764947  -0.13266549676771658
6  0.0  86.09713664583154  7.002792689993821  5.656817560130229  -0.020373792045050663
7  0.0  88.75565095942679  5.4735570331083165  5.649833710980577  0.2817428584142642
8  0.0  86.15848984753359  10.143124200464774  5.653395610227534  0.19778289678344452
9  0.0  94.20877252861  10.995094849810153  5.654069352928901  0.17748169559186622
10  0.0  90.3483663243965  7.868120568238533  5.654358046622903  -0.1680329747129067
10
34.0
1  0.0  92.06379384864607  3.6769150105805375  5.652528730608484  0.2211762863547322
2  0.0  91.48079724447047  9.41541454596614  5.656673301029365  0.04524561218033223
3  0.0  94.63026530176036  8.868378923012761  5.654176389404613  -0.17403837938637937
4  0.0  95.6339430608197  9.749199910376474  5.656705891040745  0.04096904032228513
5  0.0  1.5198007055208507  5.8796493394077824  5.6566015220542  -0.05347168123533209
6  0.0  91.75395420596178  6.98241889794877  5.6518074124295845  -0.23889950357004555
7  0.0  94.40548467040736  5.755299891522581  5.655023409196411  0.14391053276463228
8  0.0  91.81188545776112  10.340907097248218  5.655518606705476  -0.12291984871515346
9  0.0  99.8628418815389  11.17257654540202  5.649908947607459  -0.2802300550354679
10  0.0  96.0027243710194  7.700087593525626  5.655267083485176  0.13399333733102922
10
35.0
1  0.0  97.71632257925455  3.8980912969352697  5.652291275791342  -0.2271636714202134
2  0.0  97.13747054549984  9.460660158146473  5.652717358491788  -0.21630179149891504
3  0.0  0.28444169116497164  8.694340543626382  5.655572238014572  0.12042699281670773
4  0.0  1.2906489518604474  9.790168950698758  5.656171548883212  0.08788293124422801
5  0.0  7.176402227575051  5.82617765817245  5.65563362027888  0.11750894932402435
6  0.0  97.40576161839137  6.743519394378724  5.655377689298606  0.12924082707706797
7  0.0  0.06050807960377824  5.899210424287213  5.656624840172687  0.05094524061491139
8  0.0  97.46740406446659  10.217987248533065  5.656177356355015  -0.08750836221068072
9  0.0  5.512750829146356  10.892346490366553  5.656183206484006  0.08712941345098912
10  0.0  1.6579914545045682  7.834080930856655  5.6559233819466135  -0.10261918704428355
10
36.0
1  0.0  3.3686138550458935  3.6709276255150565  5.656431576393053  0.06915071643610234
2  0.0  2.7901879039916224  9.244358366647557  5.656153613605278  0.08902976637047057
3  0.0  5.9400139291795435  8.814767536443089  5.655595064725805  -0.11935017322626086
4  0.0  6.94682050074366  9.878051881942987  5.6562051257595005  -0.08569466338075056
5  0.0  12.83203584785393  5.943686607496475  5.652116041385258  0.23148273092276264
6  0.0  3.0611393076899702  6.872760221455792  5.656281904756036  -0.08046747125040139
7  0.0  5.717132919776465  5.950155664902125  5.653564212894116  0.19290331952282777
8  0.0  3.1235814208216084  10.130478886322384  5.650817241010501  0.26127477623848333
9  0.0  11.168934035630361  10.979475903817542  5.651320386708204  0.25015572505189965
10  0.0  7.313914836451182  7.731461743812371  5.654188085845858  -0.17365796808324058
10
37.0
1  0.0  9.025045431438947  3.740078341951159  5.653779861203966  0.1864759529925632
2  0.0  8.4463415175969  9.333388133018028  5.652620285892193  0.21882390984554578
3  0.0  11.595608993905348  8.695417363216828  5.655749251104908  0.11180522629241169
4  0.0  12.603025626503161  9.792357218562236  5.656511834966907  0.06224034767982292
5  0.0  18.48415188923919  6.175169338419238  5.654849847459248  -0.15057623547606394
6  0.0  8.717421212446006  6.792292750205391  5.655394753874868  -0.1284919368856619
7  0.0  11.370697132670582  6.143058984424953  5.654866134917378  -0.14996331606291935
8  0.0  8.774398661832109  10.391753662560868  5.656369688160731  -0.07404019757183432
9  0.0  16.820254422338564  11.229631628869441  5.65674048316905  -0.035876260624443095
10  0.0  12.968102922297039  7.5578037757291305  5.650742654196337  0.2628829702475752
10
38.0
1  0.0  14.678825292642912  3.926554294943722  5.656835801398601  -0.014447007132129788
2  0.0  14.098961803489093  9.552212042863573  5.652389950571608  0.2246950081268502
3  0.0  17.251358245010255  8.807222589509239  5.653093372870853  0.2062409212636452
4  0.0  18.259537461470067  9.85459756624206  5.652258751813669  0.2279714950290385
5  0.0  24.13900173669844  6.024593102943174  5.655987474262144  -0.09902368903330387
6  0.0  14.372815966320873  6.663800813319729  5.650655162502694  -0.2647569347187192
7  0.0  17.02556326758796  5.993095668362034  5.656849886618886  0.007025685724265086
8  0.0  14.430768349992839  10.317713464989033  5.655697477997805  -0.11439421912523536
9  0.0  22.476994905507613  11.193755368244998  5.65003395682886  -0.2776981935137723
10  0.0  18.618845576493378  7.8206867459767055  5.65668018400751  0.04437674905635649
10
39.0
1  0.0  20.335661094041512  3.9121072878115926  5.650827523735641  -0.2610522878500527
2  0.0  19.7513517540607  9.776907050990424  5.656819278023535  0.01989109804214457
3  0.0  22.904451617881108  9.013463510772885  5.654351014282983  0.16826944843622288
4  0.0  23.911796213283736  10.082569061271098  5.653683253887837  0.18938232417051964
5  0.0  29.794989210960583  5.92556941390987  5.65685144551591  -0.005632349827597372
6  0.0  20.023471128823566  6.3990438786010095  5.654888552238601  -0.14911559865025184
7  0.0  22.682413154206845  6.000121354086299  5.651994468167642  0.23443236082585922
8  0.0  20.086465827990644  10.203319245863797  5.65682567061148  -0.017981443517817827
9  0.0  28.127028862336473  10.916057174731225  5.655605243214012  -0.11886687061658947
10  0.0  24.275525760500887  7.865063495033062  5.652835169412547  -0.213200721041642
10
40.0
1  0.0  25.986488617777155  3.65105499996154  5.65516486693284  -0.13824010926101016
2  0.0  25.408171032084233  9.796798149032568  5.651099200811435  -0.2551035526769263
3  0.0  28.55880263216409  9.181732959209109  5.651190850771692  0.2530651460678552
4  0.0  29.565479467171574  10.271951385441618  5.652272464195736  -0.22763125992416297
5  0.0  35.45184065647649  5.919937064082273  5.65661821974491  -0.05167510087024849
6  0.0  25.67835968106217  6.249928279950757  5.652511647626963  0.22161243972647052
7  0.0  28.334407622374485  6.234553714912158  5.65258259589628  0.21979535156704288
8  0.0  25.743291498602122  10.18533780234598  5.654955470768999  0.14655587200715287
9  0.0  33.782634105550486  10.797190304114636  5.653057236338337  -0.20722905849028567
10  0.0  29.928360929913435  7.65186277399142  5.650225058834655  0.2737823670673012
10
41.0
1  0.0  31.641653484709995  3.51281489070053  5.651909501521349  -0.23647195734954485
2  0.0  31.05927023289567  9.541694596355642  5.656135740498221  -0.09015811144137859
3  0.0  34.209993482935786  9.434798105276965  5.656845179494195  0.010129917734826107
4  0.0  35.21775193136731  10.044320125517455  5.6563231627693265  0.07751308482576141
5  0.0  41.108458876221405  5.868261963212024  5.655230478180873  0.1355294752227606
6  0.0  31.33087132868913  6.471540719677228  5.655088594052795  0.14132584128173264
7  0.0  33.98699021827076  6.4543490664792005  5.655000812128076  -0.14479576938157532
8  0.0  31.398246969371122  10.331893674353132  5.653282444573536  0.2009915467791404
9  0.0  39.43569134188882  10.58996124562435  5.656121301101845  -0.09105947079775736
10  0.0  35.57858598874809  7.925645141058721  5.655948374057905  -0.10123235644687871
10
42.0
1  0.0  37.29356298623134  3.276342933350985  5.655513912821403  0.12313562394192666
2  0.0  36.71540597339389  9.451536484914262  5.655320862410948  0.13170399834297328
3  0.0  39.866838662429984  9.44492802301179  5.655567264972611  0.12066031398204773
4  0.0  40.874075094136636  10.121833210343217  5.6568482206968245  0.008258813424299377
5  0.0  46.76368935440228  6.003791438434785  5.649860985934596  -0.28119537623187535
6  0.0  36.98595992274193  6.6128665609589605  5.656721901344124  -0.038695359588995226
7  0.0  39.64199103039884  6.309553297097625  5.656311452493982  -0.07836295288859597
8  0.0  37.05152941394466  10.532885221132274  5.651863256344236  -0.2375746863323837
9  0.0  45.09181264299067  10.498901774826592  5.652954534387223  0.21001198096999935
10  0.0  41.234534362805995  7.824412784611843  5.656842495853365  0.011531570037529686
10
43.0
1  0.0  42.94907689905275  3.3994785572929116  5.6558132683037945  0.10851854255738357
2  0.0  42.37072683580484  9.583240483257235  5.656603332619078  -0.05327980295352558
3  0.0  45.522405927402595  9.565588336993839  5.6499419331728005  0.2795642176238248
4  0.0  46.53092331483346  10.130092023767517  5.656827300898271  -0.017461036967725586
5  0.0  52.413550340336876  5.72259606220291  5.655510609741964  0.12328723817208558
6  0.0  42.642681824086054  6.574171201369965  5.6566075191140985  -0.05283346195216442
7  0.0  45.29830248289282  6.231190344209029  5.656853781415171  0.0023012363818036606
8  0.0  42.70339267028889  10.29531053479989  5.6526904806052  0.2170030655897842
9  0.0  50.74476717737789  10.708913755796592  5.655937714556622  0.10182617078151689
10  0.0  46.891376858659356  7.835944354649373  5.656164191118972  0.08835520982672047
10
44.0
1  0.0  48.604890167356544  3.507997099850295  5.652272929573559  -0.22761970391413203
2  0.0  48.027330168423916  9.52996068030371  5.653485776553109  0.19518856091410125
3  0.0  51.17234786057539  9.845152554617664  5.6551617539756025  -0.1383673963461358
4  0.0  52.18775061573173  10.112630986799791  5.65684031456483  -0.012556094698321972
5  0.0  58.06906095007884  5.845883300374996  5.653034296142546  -0.2078539069543019
6  0.0  48.29928934320015  6.521337739417801  5.655354470048106  0.13025290057003386
7  0.0  50.955156264307995  6.233491580590833  5.656708376862651  -0.04062436623398018
8  0.0  48.356083150894094  10.512313600389675  5.65309413456222  0.20622004213516867
9  0.0  56.40070489193451  10.810739926578108  5.652909558551629  0.2112191346342112
10  0.0  52.54754104977833  7.924299564476093  5.656200874732664  -0.08597479091857971
10
45.0
1  0.0  54.2571630969301  3.280377395936163  5.656853278813491  0.0033139066180441867
2  0.0  53.68081594497703  9.72514924121781  5.656738315540522  0.03621642577338091
3  0.0  56.827509614551  9.70678515827153  5.655254350865425  -0.13452965107257525
4  0.0  57.84459093029656  10.10007489210147  5.65495606857941  0.14653280327935056
5  0.0  63.722095246221386  5.638029393420694  5.656853874822246  -0.0020588609857286632
6  0.0  53.95464381324825  6.651590639987835  5.652786992114194  0.2144742916635203
7  0.0  56.61186464117065  6.192867214356853  5.656742732383893  -0.03551984828255182
8  0.0  54.00917728545632  10.718533642524843  5.656011314680699  0.09765248693154394
9  0.0  62.05361445048614  11.02195906121232  5.6504917061455755  -0.2682228155472008
10  0.0  58.20374192451099  7.838324773557513  5.656623911610972  -0.051048237883794007
10
46.0
1  0.0  59.91401637574359  3.283691302554207  5.65531789461083  -0.13183137295253566
2  0.0  59.33755426051755  9.76136566699119  5.651658057224827  -0.24240710428062906
3  0.0  62.482763965416424  9.572255507198953  5.653470829855222  -0.1956210008565652
4  0.0  63.49954699887597  10.24660769538082  5.656061094797703  0.09472534991127336
5  0.0  69.37894912104363  5.635970532434965  5.654279726773668  -0.17064809227270358
6  0.0  59.60743080536245  6.866064931651355  5.655744572924498  -0.11204162545718029
7  0.0  62.26860737355454  6.157347366074301  5.653987340753494  0.18007540253805868
8  0.0  59.665188600137014  10.816186129456387  5.651911564400793  -0.23642264737665297
9  0.0  67.70410615663171  10.753736245665118  5.655057722470589  0.14255579793804132
10  0.0  63.860365836121964  7.787276535673719  5.6563386551680255  0.07637419755407401
10
47.0
1  0.0  65.56933427035442  3.1518599296016716  5.655017891192863  -0.14412720176515526
2  0.0  64.98921231774237  9.518958562710562  5.653143796259849  -0.2048541403262288
3  0.0  68.13623479527165  9.376634506342388  5.656824829503814  -0.018244130814206914
4  0.0  69.15560809367368  10.341333045292094  5.653765909882763  0.18689846507539576
5  0.0  75.0332288478173  5.465322440162262  5.656794686871318  0.025959017401270525
6  0.0  65.26317537828695  6.754023306194175  5.6555636413891985  0.12083003846957338
7  0.0  67.92259471430803  6.33742276861236  5.655607457605619  0.11876146460747854
8  0.0  65.3171001645378  10.579763482079734  5.6509414466133805  -0.2585744901321007
9  0.0  73.3591638791023  10.89629204360316  5.650543397858232  -0.26713163219797414
10  0.0  69.51670449128999  7.863650733227793  5.655707766527518  -0.11388441350931264
10
48.0
1  0.0  71.22435216154727  3.0077327278365162  5.655969035028831  -0.10007134852221562
2  0.0  70.64235611400223  9.314104422384334  5.656790588750282  0.026837194828436155
3  0.0  73.79305962477547  9.358390375528181  5.655378482234931  0.12920612475482576
4  0.0  74.80937400355644  10.52823151036749  5.654133560923623  0.17542427208672523
5  0.0  80.69002353468862  5.491281457563533  5.650580346283315  0.26634892565344787
6  0.0  70.91873901967614  6.874853344663748  5.653368506570201  -0.19855611025655806
7  0.0  73.57820217191366  6.4561842332198385  5.656820494416185  -0.019542107180001256
8  0.0  70.9680416111512  10.321188991947633  5.650383406662346  0.2704946537638389
9  0.0  79.00970727696053  10.629160411405184  5.656705385663172  -0.041038759840729314
10  0.0  75.1724122578175  7.74976631971848  5.656708972984927  0.040541274669995304
10
49.0
1  0.0  76.8803211965761  2.9076613793143005  5.6560219005674375  0.09703741701803144
2  0.0  76.29914670275251  9.34094161721277  5.653052560184967  -0.20735658124645168
3  0.0  79.4484381070104  9.487596500283006  5.656713130370732  -0.039956985514177916
4  0.0  80.46350756448007  10.703655782454216  5.653017249704949  -0.20831700491869726
5  0.0  86.34060388097194  5.757630383216981  5.650550487696504  0.26698162107684986
6  0.0  76.57210752624634  6.6762972344071905  5.651982624955269  -0.23471771812914602
7  0.0  79.23502266632984  6.436642126039837  5.652358652649611  0.22548095666169493
8  0.0  76.61842501781354  10.591683645711472  5.654837217250836  -0.15104981428266287
9  0.0  84.6664126626237  10.588121651564455  5.655580890986179  -0.12001993797695126
10  0.0  80.82912123080243  7.790307594388476  5.6507211800936  0.2633441566499055
10
50.0
1  0.0  82.53634309714354  3.004698796332332  5.650344304845276  0.27131022225965473
2  0.0  81.95219926293747  9.13358503596632  5.651889969251141  0.23693833686923924
3  0.0  85.10515123738114  9.447639514768829  5.656210416022553  0.08534476948239327
4  0.0  86.11652481418501  10.495338777535519  5.6568257693287824  -0.01795036093884969
5  0.0  91.99115436866845  6.0246120042938305  5.65445976746012  -0.16457441531075373
6  0.0  82.22409015120161  6.441579516278044  5.656068334634408  0.09429206724832732
7  0.0  84.88738131897945  6.662123082701532  5.656757785278272  -0.03303571845232179
8  0.0  82.27326223506437  10.440633831428809  5.6554794628902085  -0.12470783787351557
9  0.0  90.32199355360987  10.468101713587505  5.6532112710848645  0.20298355716425162
10  0.0  86.47984241089603  8.05365175103838  5.6567126374695125  -0.04002670474543571
10
51.0
1  0.0  88.18668740198882  3.276009018591987  5.655102704635261  0.14076007966389611
2  0.0  87.60408923218861  9.370523372835558  5.653518587548393  0.19423588814851778
3  0.0  90.7613616534037  9.532984284251222  5.655855326153572  -0.10630394922247727
4  0.0  91.77335058351379  10.47738841659667  5.655555620582654  -0.12120487818545865
5  0.0  97.64561413612857  5.860037588983077  5.656131118561938  0.09044760712865872
6  0.0  87.88015848583602  6.535871583526371  5.652439750271261  0.22343873780829931
7  0.0  90.54413910425772  6.6290873642492105  5.6530054659149584  -0.20863653164202642
8  0.0  87.92874169795458  10.315925993555293  5.65368461138766  0.18934179400853562
9  0.0  95.97520482469474  10.671085270751757  5.656441300079602  0.06835070412058143
10  0.0  92.13655504836554  8.013625046292944  5.656850029612704  0.006909592667051553
10
52.0
1  0.0  93.84179010662407  3.416769098255883  5.652299967273435  -0.22694730657302264
2  0.0  93.257607819737  9.564759260984076  5.651600793792675  0.24373852301601923
3  0.0  96.41721697955727  9.426680335028745  5.65359493819249  0.19200071573897687
4  0.0  97.42890620409645  10.35618353841121  5.654982084236148  -0.14552534819814777
5  0.0  3.301745254690516  5.950485196111735  5.64990507317712  0.2803081591525148
6  0.0  93.53259823610728  6.759310321334671  5.654732054232474  -0.15493674462757387
7  0.0  96.19714457017268  6.420450832607184  5.656182721226679  0.08716090922413683
8  0.0  93.58242630934224  10.50526778756383  5.656777413417045  -0.02948381004497305
9  0.0  1.631646124774349  10.739435974872338  5.651723592282702  0.24087431667803014
10  0.0  97.79340507797824  8.020534638959996  5.656733794880864  -0.03691576699472925
10
53.0
1  0.0  99.49409007389751  3.1898217916828604  5.6507687688973105  0.26232102556752573
2  0.0  98.90920861352969  9.808497784000094  5.656532044951859  -0.060375694056193134
3  0.0  2.070811917749751  9.618681050767723  5.656567937709058  0.056913672187979165
4  0.0  3.083888288332602  10.210658190213064  5.652021141756021  0.23378839394412285
5  0.0  8.951650327867636  6.23079335526425  5.656852603956174  0.004314755413295533
6  0.0  99.18733029033974  6.604373576707097  5.656703352698981  -0.04131802952829583
7  0.0  1.853327291399367  6.507611741831321  5.650920814839326  0.2590249880140196
8  0.0  99.23920372275929  10.475783977518857  5.656486570680188  -0.06449554802226487
9  0.0  7.283369717057051  10.980310291550367  5.656499860238278  0.06331927924680271
10  0.0  3.4501388728590996  7.983618871965266  5.654387085714627  -0.16705294042226354
10
54.0
1  0.0  5.144858842794818  3.4521428172503863  5.650373315240359  0.2707053719816037
2  0.0  4.565740658481545  9.748122089943902  5.654601212097301  -0.1596406343878715
3  0.0  7.727379855458809  9.675594722955703  5.651529993776999  -0.2453746715514238
4  0.0  8.735909430088622  10.444446584157186  5.6561313222707925  0.09043486732037621
5  0.0  14.60850293182381  6.235108110677546  5.6531610198577384  0.20437828544401068
6  0.0  4.844033643038728  6.563055547178801  5.654481192625252  0.16383663280016855
7  0.0  7.504248106238693  6.76663672984534  5.6540711772460455  -0.17742356843310103
8  0.0  4.895690293439472  10.411288429496592  5.651708435157744  0.2412296913043966
9  0.0  12.93986957729533  11.04362957079717  5.6553034186989155  -0.13245090581931498
10  0.0  9.104525958573728  7.8165659315430025  5.656312747316869  0.0782694355465117
10
55.0
1  0.0  10.795232158035176  3.72284818923199  5.653193091338491  0.20348924306404476
2  0.0  10.220341870578846  9.58848145555603  5.656428803668167  -0.06937715065591342
3  0.0  13.378909849235807  9.430220051404278  5.652169876993193  -0.23016446643818092
4  0.0  14.392040752359414  10.534881451477561  5.655082857170533  0.14155521373639535
5  0.0  20.261663951681548  6.4394863961215565  5.653280525985911  0.2010455035768926
6  0.0  10.498514835663979  6.72689217997897  5.655084458518191  -0.14149122596828606
7  0.0  13.158319283484738  6.589213161412239  5.656842440860934  0.011558515239557953
8  0.0  10.547398728597216  10.65251812080099  5.6521062850565515  -0.23172082863702312
9  0.0  18.595172995994247  10.911178664977855  5.654974908280756  -0.1458039324403367
10  0.0  14.760838705890595  7.894835367089514  5.650607243836355  -0.2657776813507782
10
56.0
1  0.0  16.448425249373667  3.9263374322960347  5.650829212503788  -0.2610157296291666
2  0.0  15.876770674247012  9.519104304900116  5.656177358264988  0.0875082387579917
3  0.0  19.031079726229002  9.200055584966098  5.651238509565158  0.2519986269958534
4  0.0  20.047123609529947  10.676436665213958  5.655614102961206  0.11844457938764263
5  0.0  25.91494447766746  6.640531899698449  5.6508710731495215  -0.2601078903878002
6  0.0  16.15359929418217  6.585400954010684  5.652733657348059  -0.2158754249200885
7  0.0  18.81516172434567  6.600771676651797  5.653818043017595  -0.1853146957171061
8  0.0  16.199505013653766  10.420797292163966  5.653406124604227  -0.19748212650116145
9  0.0  24.250147904275003  10.765374732537518  5.655684742509285  -0.11502214285817049
10  0.0  20.41144594972695  7.6290576857387356  5.65656081590232  -0.05761715021205777
10
57.0
1  0.0  22.099254461877454  3.6653217026668683  5.6555383422354595  0.12200844030071628
2  0.0  21.532948032512  9.606612543658107  5.655975634996111  0.09969762449714058
3  0.0  24.68231823579416  9.45205421196195  5.653664355487872  0.18994566456208004
4  0.0  25.702737712491153  10.7948812446016  5.654727952170568  -0.15508638541427636
5  0.0  31.565815550816982  6.380424009310649  5.6565942294491816  0.054237656312296156
6  0.0  21.80633295153023  6.369525529090595  5.65287031441977  0.21226683290547405
7  0.0  24.468979767363265  6.415456980934691  5.656754665374878  -0.033565693193687254
8  0.0  21.852911138257994  10.223315165662806  5.6564129395693925  0.07065873669936497
9  0.0  29.90583264678429  10.650352589679347  5.654439392014857  -0.16527299244176408
10  0.0  26.06800676562927  7.571440535526678  5.650395322115698  0.2702456360667186
10
58.0
1  0.0  27.754792804112913  3.7873301429675847  5.655937531048782  -0.1018363632198224
2  0.0  27.18892366750811  9.706310168155248  5.655620374369387  -0.11814474604444225
3  0.0  30.335982591282033  9.64199987652403  5.653576467912552  -0.19254381700135648
4  0.0  31.35746566466172  10.639794859187322  5.650246294170986  0.27334376745600714
5  0.0  37.22240978026616  6.434661665622945  5.656796907161772  0.025470593338908443
6  0.0  27.459203265950002  6.581792361996069  5.655200641495053  0.13676879919750612
7  0.0  30.125734432738142  6.381891287741003  5.65577657654165  -0.11041429365275927
8  0.0  27.509324077827387  10.29397390236217  5.654493072995112  0.16342609170600628
9  0.0  35.56027203879915  10.485079597237583  5.654451713988783  -0.16485088464829034
10  0.0  31.71840208774497  7.8416861715933965  5.651535363817623  -0.24525095620380588
10
59.0
1  0.0  33.410730335161695  3.6854937797477625  5.656816128209427  -0.020767561959239702
2  0.0  32.8445440418775  9.588165422110805  5.656392907951391  0.07224452143406827
3  0.0  35.98955905919458  9.449456059522674  5.656768901060294  -0.0310741049289202
4  0.0  37.00771195883271  10.91313862664333  5.654597897349057  -0.15975800228979758
5  0.0  42.87920668742793  6.4601322589618535  5.652329205720842  0.22621792624638454
6  0.0  33.11440390744505  6.718561161193575  5.653959595958237  -0.18094443144722044
7  0.0  35.78151100927979  6.2714769940882436  5.6568459299938985  0.009701768472088139
8  0.0  33.163817150822496  10.457399994068176  5.6557146803252  -0.1135405423362855
9  0.0  41.21472375278793  10.320228712589293  5.652839207137011  -0.21309363729265907
10  0.0  37.36993745156259  7.59643521538959  5.654556868674646  0.16120365667206688
10
60.0
1  0.0  39.06754646337112  3.6647262177885227  5.654382157680031  0.16721966065548513
2  0.0  38.50093694982889  9.660409943544874  5.656418536102693  0.07020929022491386
3  0.0  41.64632796025488  9.418381954593753  5.656222912628747  -0.08451249998426473
4  0.0  42.662309856181764  10.753380624353532  5.656797679639905  0.02529845095228551
5  0.0  48.53153589314877  6.686350185208238  5.655081607082684  -0.14160514551086825
6  0.0  38.768363503403286  6.537616729746355  5.656737322367052  -0.03637122131059992
7  0.0  41.43835693927369  6.281178762560332  5.656504574102714  -0.06289676585563064
8  0.0  38.8195318311477  10.343859451731891  5.651663530630606  0.24227945959160396
9  0.0  46.867562959924946  10.107135075296634  5.6561243196771835  -0.0908717797576484
10  0.0  43.02449432023724  7.757638872061657  5.6498461578056975  -0.2814931493451903
10
61.0
1  0.0  44.721928621051156  3.831945878444008  5.656793665244065  -0.026180696221211212
2  0.0  44.15735548593158  9.730619233769788  5.656328406264932  -0.07712950460383053
3  0.0  47.30255087288363  9.33386945460949  5.6510059142373095  -0.25716173365214295
4  0.0  48.31910753582167  10.778679075305817  5.651970103625134  0.23501903694743112
5  0.0  54.186617500231456  6.54474503969737  5.656787332148306  0.027515065809086362
6  0.0  44.425100825770336  6.501245508435755  5.652678932828293  -0.21730366393409206
7  0.0  47.0948615133764  6.218281996704701  5.650478951523251  -0.2684913748944727
8  0.0  44.47119536177831  10.586138911323495  5.656502293721224  -0.06310151445515674
9  0.0  52.52368727960213  10.016263295538986  5.656527321343274  0.06081663339157714
10  0.0  48.674340478042936  7.476145722716466  5.654604832822543  -0.15951233375515483
10
62.0
1  0.0  50.37872228629522  3.805765182222797  5.656209625210874  0.08539716430816087
2  0.0  49.813683892196515  9.653489729165958  5.656846306348135  -0.009479786679222807
3  0.0  52.95355678712094  9.076707720957346  5.656085703173397  -0.09324440121273848
4  0.0  53.971077639446804  11.013698112253248  5.6523246738965875  -0.22633113100021587
5  0.0  59.84340483237976  6.572260105506456  5.656435417784962  0.06883577869014307
6  0.0  50.07777975859863  6.283941844501663  5.6554339662561155  0.12675430295104823
7  0.0  52.745340464899655  5.949790621810228  5.656633595811027  -0.04996361418101504
8  0.0  50.12769765549953  10.523037396868338  5.654664975138825  -0.15736587602856816
9  0.0  58.180214600945405  10.077079928930562  5.652667397955823  -0.21760351120178298
10  0.0  54.32894531086548  7.3166333889613115  5.6566014989961335  0.05347412042067512
10
63.0
1  0.0  56.03493191150609  3.8911623465309577  5.6557774338211235  -0.11037037229145469
2  0.0  55.47053019854465  9.644009942486736  5.654998003734373  0.14490540969984497
3  0.0  58.609642490294334  8.983463319744608  5.656599721210285  0.05366184867992012
4  0.0  59.62340231334339  10.787366981253033  5.656834613766062  -0.014904781050867469
5  0.0  65.49984025016472  6.6410958841965995  5.656767342085522  -0.031356618355868796
6  0.0  55.73321372485475  6.410696147452711  5.651837595373315  -0.23818437296509318
7  0.0  58.401974060710685  5.899827007629213  5.656823817043061  0.018555401757786503
8  0.0  55.78236263063836  10.36567152083977  5.656616009152682  -0.05191651950572706
9  0.0  63.83288199890123  9.859476417728779  5.65292568571879  -0.2107870767878194
10  0.0  59.98554680986161  7.370107509381986  5.655728528391153  -0.11284862933382438
10
64.0
1  0.0  61.690709345327214  3.780791974239503  5.650290635593518  0.2724256473318904
2  0.0  61.12552820227902  9.788915352186581  5.656781000697986  0.02878732607096715
3  0.0  64.26624221150462  9.037125168424529  5.654212342558531  -0.17286637978157818
4  0.0  65.28023692710946  10.772462200202165  5.653828177911543  -0.18500522871920344
5  0.0  71.15660759225024  6.609739265840731  5.650790246785636  -0.2618579516309157
6  0.0  61.385051320228065  6.172511774487618  5.656384976514458  -0.07286286750818845
7  0.0  64.05879787775375  5.918382409386999  5.656765929672846  -0.03161039216030805
8  0.0  61.438978639791046  10.313755001334043  5.6529659457209  0.2097045934638156
9  0.0  69.48580768462001  9.64868934094096  5.65181748819177  0.23866101518614005
10  0.0  65.64127533825277  7.257258880048162  5.651475972997793  -0.2466157469196311
10
65.0
1  0.0  67.34099998092073  4.0532176215713935  5.656854249205427  5.697816971234431E-5
2  0.0  66.782309202977  9.817702678257548  5.656282835976584  0.08040198652221545
3  0.0  69.92045455406316  8.864258788642951  5.656633160391652  0.05001288591526305
4  0.0  70.934065105021  10.587456971482961  5.655183870552775  0.13746050429030246
5  0.0  76.80739783903587  6.347881314209816  5.651970917408132  0.23499946547319672
6  0.0  67.04143629674252  6.0996489069794295  5.656828255208532  0.017149083776481496
7  0.0  69.71556380742659  5.886772017226691  5.656517952035135  0.06168191229410093
8  0.0  67.09194458551194  10.523459594797858  5.652058035033693  -0.23289475865951229
9  0.0  75.13762517281178  9.8873503561271  5.650785650704324  -0.2619571144178332
10  0.0  71.29275131125056  7.01064313312853  5.656653135245896  -0.047700183572545116
10
66.0
1  0.0  72.99785423012615  4.053274599741106  5.653196004211429  0.20340830358650328
2  0.0  72.43859203895359  9.898104664779764  5.656840251231569  0.012584595598915702
3  0.0  75.5770877144548  8.914271674558215  5.653410333066773  -0.19736161220931572
4  0.0  76.58924897557378  10.724917475773264  5.656342067334101  -0.07612107005678616
5  0.0  82.45936875644401  6.582880779683013  5.653180050063812  0.20385122408399042
6  0.0  72.69826455195106  6.116797990755911  5.653548483053622  0.19336377572354396
7  0.0  75.37208175946172  5.948453929520792  5.655510133084813  -0.1233091017525285
8  0.0  72.74400262054563  10.290564836138346  5.656844150540832  -0.010689082840629008
9  0.0  80.7884108235161  9.625393241709268  5.652157981691245  0.2304563950164107
10  0.0  76.94940444649644  6.962942949555985  5.655796256720995  -0.1094015651663684
10
67.0
1  0.0  78.65105023433757  4.256682903327609  5.649843236852081  0.28155176965667156
2  0.0  78.09543229018516  9.91068926037868  5.652048718070171  -0.23312075961046597
3  0.0  81.23049804752158  8.7169100623489  5.654241933688998  -0.17189576874643125
4  0.0  82.24559104290788  10.648796405716478  5.652410883441631  0.2241678048931369
5  0.0  88.11254880650782  6.786732003767003  5.653319143098833  0.1999566609850724
6  0.0  78.35181303500468  6.310161766479455  5.655883030619608  0.1048195780812532
7  0.0  81.02759189254654  5.825144827768264  5.656799888967859  -0.02479951961704266
8  0.0  78.40084677108646  10.279875753297716  5.650753883344177  -0.2626414854334619
9  0.0  86.44056880520735  9.85584963672568  5.652763834163644  0.2150837863985635
10  0.0  82.60520070321743  6.853541384389617  5.65680711558177  -0.02309236028504506
10
68.0
1  0.0  84.30089347118965  4.53823467298428  5.655318359091229  0.13181144611029363
2  0.0  83.74748100825533  9.677568500768214  5.649879188693124  -0.2808294022575929
3  0.0  86.88473998121057  8.545014293602469  5.656558826472478  -0.057812132431874406
4  0.0  87.89800192634951  10.872964210609615  5.6534297019703095  -0.19680600824136832
5  0.0  93.76586794960664  6.986688664752076  5.656422639836466  -0.06987789024783936
6  0.0  84.00769606562429  6.414981344560708  5.6501948205592765  0.2744057027925969
7  0.0  86.68439178151439  5.800345308151221  5.656741884108545  -0.035654685135620326
8  0.0  84.05160065443064  10.017234267864254  5.656785998672262  0.027787861116858582
9  0.0  92.093332639371  10.070933423124243  5.650683979086716  0.26414119045072987
10  0.0  88.2620078187992  6.830449024104571  5.653925159580861  0.1820172790111172
10
69.0
1  0.0  89.95621183028088  4.6700461190945735  5.65303551200264  -0.2078208363880986
2  0.0  89.39736019694845  9.39673909851062  5.654681126737978  0.15678442178141283
3  0.0  92.54129880768305  8.487202161170595  5.6552848640573625  -0.13324078341005155
4  0.0  93.55143162831982  10.676158202368246  5.655914059039295  -0.10313174468440475
5  0.0  99.42229058944311  6.916810774504237  5.651979364084389  0.23479622646936624
6  0.0  89.65789088618357  6.689387047353305  5.653392389255054  0.1978749431155914
7  0.0  92.34113366562293  5.764690623015601  5.651450614512835  0.24719618063897966
8  0.0  89.7083866531029  10.045022128981111  5.656205265164473  -0.08568546157710145
9  0.0  97.74401661845772  10.335074613574973  5.656854213249125  6.403480541007768E-4
10  0.0  93.91593297838007  7.012466303115689  5.656637397555509  -0.049531329242278405
10
70.0
1  0.0  95.60924734228352  4.462225282706475  5.6556214585523135  0.11809283450998347
2  0.0  95.05204132368644  9.553523520292034  5.655054413928381  0.14268698437192195
3  0.0  98.19658367174041  8.353961377760543  5.65680805431535  -0.02286124740692442
4  0.0  99.20734568735911  10.573026457683842  5.65401315049694  -0.1792631975829692
5  0.0  5.074269953527491  7.151607000973603  5.653140582752614  0.20494280088712133
6  0.0  95.31128327543863  6.887261990468897  5.656821817729028  0.019155220301735776
7  0.0  97.99258428013577  6.011886803654581  5.653773994761576  -0.1866537333077621
8  0.0  95.36459191826738  9.95933666740401  5.655850155359088  0.10657870389797865
9  0.0  3.4008708317068397  10.335714961629073  5.655237549462896  0.13523409017294627
10  0.0  99.57257037593558  6.96293497387341  5.656679970132095  0.04440400327036783
10
71.0
1  0.0  1.264868800835842  4.580318117216459  5.6541201945359845  -0.17585455848617054
2  0.0  0.7070957376148215  9.696210504663956  5.656151608792013  -0.08915704324139079
3  0.0  3.8533917260557615  8.331100130353619  5.655109236089976  0.140497430189547
4  0.0  4.861358837856045  10.393763260100872  5.656744841627571  0.03518233533853019
5  0.0  10.727410536280104  7.356549801860724  5.656679962269887  0.04440500483474474
6  0.0  0.9681050931676509  6.906417210770632  5.656819385142685  0.019860611115702222
7  0.0  3.646358274897352  5.825233070346819  5.656596219260647  -0.05402973483325358
8  0.0  1.0204420736264694  10.065915371301989  5.653498620686791  -0.19481618488346103
9  0.0  9.056108381169736  10.47094905180202  5.651400330038195  0.24834312884432164
10  0.0  5.229250346067673  7.007338977143778  5.654786429277737  0.15293933194708675
10
72.0
1  0.0  6.918988995371826  4.4044635587302885  5.656534568088397  -0.060138839538323705
2  0.0  6.363247346406834  9.607053461422565  5.656843070222522  0.011246282739226761
3  0.0  9.508500962145739  8.471597560543167  5.655957640353361  0.10071330859654411
4  0.0  10.518103679483616  10.428945595439403  5.656817546687191  -0.020377524185191006
5  0.0  16.38409049854999  7.400954806695468  5.656258296205958  -0.0821102100916925
6  0.0  6.624924478310336  6.926277821886335  5.655169743689693  -0.13804046528688793
7  0.0  9.302954494158  5.771203335513565  5.655021029049628  -0.14400403121609687
8  0.0  6.67394069431326  9.871099186418528  5.656198400812047  -0.08613739403550752
9  0.0  14.70750871120793  10.719292180646342  5.656600880520018  0.05353950410830662
10  0.0  10.88403677534541  7.160278309090865  5.6560181370619  0.09725653308087198
10
73.0
1  0.0  12.575523563460223  4.344324719191965  5.656837449413863  0.013786620647032946
2  0.0  12.020090416629357  9.618299744161792  5.6505853955424525  -0.2662417842532746
3  0.0  15.1644586024991  8.572310869139711  5.653315195533078  0.2000682382459101
4  0.0  16.174921226170806  10.408568071254212  5.656827306315609  -0.017459281832147944
5  0.0  22.04034879475595  7.318844596603776  5.65562017321701  0.11815437486954866
6  0.0  12.280094222000029  6.7882373565994465  5.6555592190488495  -0.12103685319574588
7  0.0  14.957975523207628  5.627199304297468  5.65177409153148  -0.23968650002350642
8  0.0  12.330139095125308  9.78496179238302  5.656403253235484  -0.07142994321032352
9  0.0  20.36410959172795  10.772831684754648  5.65679351125493  -0.026213947129764558
10  0.0  16.54005491240731  7.2575348421717365  5.656823854436269  0.018543998513580833
10
74.0
1  0.0  18.232361012874087  4.358111339838998  5.653407725490459  -0.1974362919141162
2  0.0  17.670675812171808  9.352057959908517  5.656703167865618  0.04134332665748671
3  0.0  20.817773798032178  8.772379107385621  5.6524753069149405  -0.22253742318288378
4  0.0  21.831748532486415  10.391108789422065  5.656418248977033  0.07023241872238484
5  0.0  27.69596896797296  7.436998971473324  5.65620401472292  0.08576796507056365
6  0.0  17.935653441048878  6.6672005034037  5.654559223362112  0.1611210398751038
7  0.0  20.60974961473911  5.387512804273962  5.656852073220331  0.0049620260833987155
8  0.0  17.986542348360793  9.713531849172696  5.653965726132282  0.1807527806742192
9  0.0  26.020903102982878  10.746617737624883  5.655368736576598  -0.129631992008231
10  0.0  22.19687876684358  7.276078840685317  5.652711099481522  -0.21646529929407826
10
75.0
1  0.0  23.885768738364547  4.160675047924881  5.654975700515429  0.14577320254434023
2  0.0  23.327378980037427  9.393401286566004  5.652377846890314  -0.22499927996250393
3  0.0  26.47024910494712  8.549841684202738  5.655941175097268  -0.10163377312373906
4  0.0  27.48816678146345  10.46134120814445  5.656489465247092  0.06424118265312516
5  0.0  33.352172982695876  7.522766936543888  5.652434882744771  -0.2235618400580177
6  0.0  23.59021266441099  6.828321543278804  5.655582818857692  0.11992905837054348
7  0.0  26.26660168795944  5.392474830357361  5.655427133882838  -0.12705877908176666
8  0.0  23.640508074493074  9.894284629846915  5.653284453269541  0.20093504030136447
9  0.0  31.676271839559476  10.61698574561665  5.650681953618185  0.2641845170591652
10  0.0  27.8495898663251  7.059613541391239  5.65340281846339  -0.19757675012579987
10
76.0
1  0.0  29.540744438879976  4.306448250469222  5.6558301600366185  0.10763457074826652
2  0.0  28.97975682692774  9.1684020066035  5.655391166630478  0.12864972754726073
3  0.0  32.12619028004438  8.448207911078999  5.651568809114815  0.24447902944949854
4  0.0  33.14465624671054  10.525582390797576  5.64981437204987  -0.28213039782826516
5  0.0  39.00460786544065  7.29920509648587  5.654290079940621  -0.1703047030622226
6  0.0  29.245795483268683  6.948250601649348  5.656676446599214  0.04485062418353153
7  0.0  31.92202882184228  5.265416051275594  5.656828935434243  0.01692321582576708
8  0.0  29.293792527762616  10.09521967014828  5.652833891165499  -0.21323460997392052
9  0.0  37.32695379317766  10.881170262675816  5.655675328223276  0.1154841189365448
10  0.0  33.50299268478849  6.86203679126544  5.652762245550261  -0.2151255337742392
10
77.0
1  0.0  35.1965745989166  4.414082821217488  5.654057043248188  -0.17787341480828311
2  0.0  34.63514799355822  9.297051734150761  5.655825798495146  -0.10786351133156477
3  0.0  37.7777590891592  8.692686940528498  5.656788915793989  0.027187536672114588
4  0.0  38.79447061876041  10.24345199296931  5.652711450340438  0.21645613687329668
5  0.0  44.65889794538127  7.128900393423647  5.656392647460765  0.07226491369828848
6  0.0  34.9024719298679  6.99310122583288  5.654471195790541  0.16418128996645934
7  0.0  37.57885775727652  5.282339267101361  5.651339786497398  0.24971707500998552
8  0.0  34.94662641892811  9.88198506017436  5.652119630755149  0.23139507261883868
9  0.0  42.98262912140093  10.99665438161236  5.655009395716723  0.1444601479840919
10  0.0  39.15575493033875  6.6469112574912  5.656193433855055  0.08646293318552493
10
78.0
1  0.0  40.850631642164785  4.2362094064092055  5.653628960636044  -0.19099627079449824
2  0.0  40.290973792053364  9.189188222819196  5.655442229293375  -0.1263850905969707
3  0.0  43.434548004953186  8.719874477200612  5.654572951932648  0.16063851117249514
4  0.0  44.44718206910085  10.459908129842606  5.656366504179649  -0.07428304244237699
5  0.0  50.31529059284203  7.2011653071219355  5.6563428500517485  0.07606288627506506
6  0.0  40.55694312565844  7.157282515799339  5.652312160559873  -0.22664341946533348
7  0.0  43.23019754377392  5.532056342111346  5.656353486905813  0.07526772992753224
8  0.0  40.598746049683264  10.113380132793198  5.654791943354462  -0.15273531802917148
9  0.0  48.63763851711766  11.141114529596452  5.655031357280891  -0.14359786965636825
10  0.0  44.81194836419381  6.7333741906767255  5.651900108634937  -0.23669634980809962
10
79.0
1  0.0  46.50426060280083  4.045213135614707  5.65093850053026  0.25863886642348444
2  0.0  45.94641602134674  9.062803132222225  5.652388706718487  -0.22472629610559106
3  0.0  49.089120956885836  8.880512988373107  5.653783417179806  -0.18636810784747435
4  0.0  50.1035485732805  10.38562508740023  5.656852293199374  0.0047045642715892785
5  0.0  55.97163344289378  7.277228193397001  5.6505798210726335  0.2663600677406209
6  0.0  46.209255286218315  6.930639096334005  5.6565095128865535  0.06245102580339219
7  0.0  48.88655103067973  5.607324072038878  5.655364331285725  -0.12982403637681375
8  0.0  46.253537993037725  9.960644814764027  5.654064409965142  0.17763909469916953
9  0.0  54.29266987439855  10.997516659940084  5.6559361042774805  -0.10191557452360851
10  0.0  50.463848472828744  6.496677840868626  5.655698940691035  0.11432188008598897
10
80.0
1  0.0  52.155199103331086  4.303852002038192  5.656851763705617  0.005303155725733751
2  0.0  51.59880472806523  8.838076836116635  5.656339895349793  -0.07628229332103553
3  0.0  54.742904374065645  8.694144880525633  5.655941424143965  0.1016199126763874
4  0.0  55.76040086647987  10.39032965167182  5.6514143820423515  0.24802314901007858
5  0.0  61.622213263966415  7.5435882611376215  5.656079557967028  -0.09361641921975906
6  0.0  51.865764799104866  6.993090122137398  5.654183772426414  0.1737983533575133
7  0.0  54.54191536196546  5.4775000356620644  5.651842948488075  -0.23805731584144138
8  0.0  51.90760240300287  10.138283909463198  5.655333631711904  0.13115454253764353
9  0.0  59.94860597867603  10.895601085416475  5.654087786871145  -0.17689346611610934
10  0.0  56.11954741351978  6.610999720954616  5.65326910495164  -0.20136639987688648
10
81.0
1  0.0  57.8120508670367  4.309155157763926  5.653622250546869  -0.19119479104135406
2  0.0  57.25514462341503  8.761794542795599  5.654702960476695  -0.15599496394476048
3  0.0  60.39884579820961  8.79576479320202  5.653586214715407  -0.1922574128087969
4  0.0  61.411815248522224  10.638352800681899  5.656303983520639  0.07890022819077853
5  0.0  67.27829282193345  7.449971841917862  5.654339123218495  -0.16866854964908623
6  0.0  57.51994857153128  7.166888475494911  5.652415039464741  0.2240629858606261
7  0.0  60.19375831045353  5.239442719820623  5.653451921643599  -0.19616668846748403
8  0.0  57.562936034714774  10.269438452000841  5.6533312003187115  0.1996154791167492
9  0.0  65.60269376554717  10.718707619300366  5.652142372405264  0.23083890933072596
10  0.0  61.77281651847142  6.409633321077729  5.656273484959469  -0.08105716097028545
10
82.0
1  0.0  63.46567311758357  4.117960366722572  5.652235838647455  -0.22853889014628298
2  0.0  62.909847583891725  8.605799578850839  5.656599432561122  -0.05369226712680391
3  0.0  66.05243201292501  8.603507380393223  5.651160298196516  -0.25374649571468066
4  0.0  67.06811923204286  10.717253028872678  5.649876964455105  -0.28087414711854936
5  0.0  72.93263194515194  7.281303292268776  5.656854000985943  -0.0016767615677244336
6  0.0  63.17236361099602  7.390951461355537  5.654529266649259  -0.16216896314328277
7  0.0  65.84721023209713  5.043276031353139  5.655198990952725  -0.13683702981024268
8  0.0  63.216267235033484  10.46905393111759  5.6568249510566035  0.018206402815170365
9  0.0  71.25483613795244  10.949546528631092  5.656459726969204  -0.06680836156861229
10  0.0  67.42909000343089  6.328576160107444  5.6522099338831735  -0.22917867115520021
10
83.0
1  0.0  69.11790895623102  3.8894214765762896  5.653105031751477  -0.20592110136196914
2  0.0  68.56644701645284  8.552107311724034  5.654571262581979  -0.16069796632836322
3  0.0  71.70359231112153  8.349760884678542  5.653249091987115  0.2019274719964724
4  0.0  72.71799619649796  10.436378881754129  5.650237962816418  -0.27351592924028556
5  0.0  78.58948594613788  7.2796265307010515  5.655048270142504  -0.14293027096560773
6  0.0  68.82689287764528  7.228782498212254  5.6546513590252925  -0.15785438819808165
7  0.0  71.50240922304985  4.906439001542896  5.6558387393017  -0.10718281118798294
8  0.0  68.87309218609009  10.487260333932761  5.65323773412412  -0.2022452013650837
9  0.0  76.91129586492164  10.882738167062481  5.654212454449428  0.17286271995136943
10  0.0  73.08129993731406  6.099397488952244  5.656550161614325  0.0586538075579554
10
84.0
1  0.0  74.7710139879825  3.6835003752143205  5.653287264629317  0.20085592742055663
2  0.0  74.22101827903482  8.39140934539567  5.65668018328381  0.04437684130559825
3  0.0  77.35684140310865  8.551688356675013  5.653323081887189  0.19984526965020763
4  0.0  78.36823415931438  10.162862952513843  5.656810365241848  -0.022282093537037008
5  0.0  84.24453421628039  7.1366962597354435  5.6563471026379615  -0.07574598655485824
6  0.0  74.48154423667057  7.070928110014172  5.652273183133417  0.22761340740563818
7  0.0  77.15824796235155  4.799256190354913  5.656099974178458  0.0923746832116288
8  0.0  74.52632992021421  10.285015132567677  5.654357317482273  -0.16805750871257535
9  0.0  82.56550831937106  11.055600887013851  5.652158712707862  0.2304384654536124
10  0.0  78.73785009892838  6.158051296510199  5.651670660528364  -0.2421130829240391
10
85.0
1  0.0  80.42430125261181  3.884356302634877  5.653892954832271  -0.18301490457886863
2  0.0  79.87769846231863  8.435786186701268  5.656829532635182  0.01672240133640622
3  0.0  83.01016448499584  8.751533626325221  5.653610522419655  0.19154127697648243
4  0.0  84.02504452455624  10.140580858976806  5.65671241892726  -0.04005757798616451
5  0.0  89.90088131891835  7.060950273180585  5.654496496867264  -0.16330758376714904
6  0.0  80.13381741980399  7.29854151741981  5.654744034872991  -0.15449886753079767
7  0.0  82.81434793653001  4.891630873566542  5.656601963715804  0.05342493880684562
8  0.0  80.18068723769649  10.116957623855102  5.65596361278155  0.10037734251851273
9  0.0  88.21766703207892  11.286039352467464  5.651829824594117  -0.23836869305435235
10  0.0  84.38952075945674  5.91593821358616  5.656843553389526  0.01100056705181404
10
86.0
1  0.0  86.07819420744408  3.7013413980560084  5.652921405659437  0.21090182890944098
2  0.0  85.53452799495382  8.452508588037674  5.656815910125567  -0.02082688047432933
3  0.0  88.6637750074155  8.943074903301703  5.653829376739419  0.18496858846403225
4  0.0  89.68175694348349  10.100523280990641  5.656551630868346  -0.05851194169274915
5  0.0  95.55537781578562  6.897642689413436  5.6550880514710675  -0.14134755077181077
6  0.0  85.78856145467698  7.144042649889013  5.651100482339854  -0.2550751624487024
7  0.0  88.47094990024581  4.945055812373387  5.653023686565926  -0.20814225694122435
8  0.0  85.83665085047804  10.217334966373615  5.652291888515157  0.22714842510077612
9  0.0  93.86949685667304  11.04767065941311  5.653276020798165  0.20117214685057697
10  0.0  90.04636431284626  5.926938780637974  5.656613196477514  -0.05222207805644625
10
87.0
1  0.0  91.73111561310353  3.9122432269654492  5.653862062613606  -0.1839667821608854
2  0.0  91.19134390507939  8.431681707563344  5.656826587157842  0.017690755331455775
3  0.0  94.31760438415492  9.128043491765736  5.6566499910770585  0.04807159710194704
4  0.0  95.33830857435184  10.042011339297892  5.655677096972017  0.11539746438368143
5  0.0  1.210465867256687  6.756295138641625  5.655216665334588  -0.1361046219713691
6  0.0  91.43966193701684  6.88896748744031  5.656853662848989  -0.0025762592926768108
7  0.0  94.12397358681174  4.736913555432163  5.655782159937973  0.11012792255987634
8  0.0  91.48894273899319  10.44448339147439  5.656762436212543  -0.03222949355398355
9  0.0  99.5227728774712  11.248842806263688  5.65599639101101  0.09851306954118583
10  0.0  95.70297750932377  5.8747167025815274  5.65226686946899  0.22777013918272446
10
88.0
1  0.0  97.38497767571714  3.728276444804564  5.656352257686872  0.07536004883644262
2  0.0  96.84817049223723  8.4493724628948  5.652003856630952  -0.23420590220760923
3  0.0  99.97425437523198  9.176115088867682  5.656181860591668  0.08721674101795544
4  0.0  0.9939856713238555  10.157408803681573  5.65622795197966  0.08417455223515029
5  0.0  6.865682532591275  6.620190516670256  5.655000193159459  -0.1448199411907822
6  0.0  97.09651559986582  6.886391228147634  5.651724969145869  -0.2408420086552436
7  0.0  99.77975574674971  4.847041477992039  5.65222928588623  -0.22870089586627249
8  0.0  97.14570517520573  10.412253897920406  5.6549138667864804  -0.14815248639828427
9  0.0  5.178769268482213  11.347355875804874  5.655418595965896  0.1274382376021162
10  0.0  1.3552443787927615  6.102486841764252  5.654465666974723  -0.16437159427406645
10
89.0
1  0.0  3.0413299334040147  3.8036364936410068  5.6563488904751225  0.07561236156115526
2  0.0  2.5001743488681853  8.21516656068719  5.656464960537841  0.06636377180110369
3  0.0  5.630436235823652  9.263331829885638  5.65649944629671  -0.06335624708773294
4  0.0  6.650213623303515  10.241583355916724  5.65321453644652  -0.20289259451680514
5  0.0  12.520682725750735  6.475370575479474  5.650477355049159  -0.2685249710486561
6  0.0  2.748240569011699  6.64554921949239  5.656681311326943  -0.044232816827118625
7  0.0  5.43198503263595  4.618340582125766  5.654520022154338  -0.16249098145962024
8  0.0  2.8006190419922206  10.264101411522121  5.656600540411099  0.053575425531522385
9  0.0  10.83418786444811  11.47479411340699  5.653070792423806  -0.20685892739954442
10  0.0  7.009710045767484  5.9381152474901855  5.652372755073041  0.22512715897486185
10
90.0
1  0.0  8.697678823879137  3.879248855202162  5.650747487574001  -0.2627790548657207
2  0.0  8.156639309406026  8.281530332488295  5.6565168065067635  0.06178687325435554
3  0.0  11.286935682120362  9.199975582797906  5.6563944572580915  -0.07212311626631003
4  0.0  12.303428159750036  10.038690761399918  5.65669076944183  -0.04300626595744719
5  0.0  18.171160080799893  6.206845604430818  5.656854217893623  -5.979123284690137E-4
6  0.0  8.404921880338641  6.6013164026652715  5.655975103631739  -0.09972776492982147
7  0.0  11.086505054790287  4.455849600666146  5.654150229448933  -0.17488619963443192
8  0.0  8.457219582403319  10.317676837053643  5.652062069106576  -0.23279683624720596
9  0.0  16.487258656871916  11.267935186007445  5.65448876064736  0.16357522952054693
10  0.0  12.662082800840526  6.163242406465048  5.653484206637411  -0.19523402700723566
10
91.0
1  0.0  14.348426311453139  3.6164698003364415  5.656630549377257  0.05030733397778579
2  0.0  13.81315611591279  8.34331720574265  5.654710494486775  0.15572162194490538
3  0.0  16.943330139378453  9.127852466531596  5.656645297362425  -0.04862077567868983
4  0.0  17.960118929191864  9.995684495442472  5.656725894902009  -0.03810708523448211
5  0.0  23.828014298693518  6.206247692102349  5.656282827129297  0.08040260892679324
6  0.0  14.06089698397038  6.50158863773545  5.652959729377229  -0.2098720992397294
7  0.0  16.74065528423922  4.280963401031714  5.6523524756619885  0.22563574822661794
8  0.0  14.109281651509896  10.084880000806438  5.651352210393853  -0.24943575140011848
9  0.0  22.141747417519277  11.431510415527992  5.651553188907889  -0.2448398516277208
10  0.0  18.315567007477938  5.968008379457812  5.6505080797307885  -0.26787766031748916
10
92.0
1  0.0  20.005056860830397  3.6667771343142275  5.653293447704569  -0.20068182314446703
2  0.0  19.467866610399565  8.499038827687556  5.650326821401029  -0.2716740903291355
3  0.0  22.599975436740877  9.079231690852907  5.6567329019990416  -0.037052333820223125
4  0.0  23.616844824093874  9.957577410207989  5.650479050283773  0.26848929644250563
5  0.0  29.484297125822813  6.286650301029142  5.656781304435454  0.028727578901466648
6  0.0  19.71385671334761  6.291716538495721  5.655346211680486  -0.13061097209323927
7  0.0  22.39300775990121  4.506599149258332  5.651894524330597  0.23682965574820128
8  0.0  19.76063386190375  9.835444249406319  5.656075526812134  0.09385965585312205
9  0.0  27.793300606427167  11.186670563900272  5.654129324658056  0.1755607588325058
10  0.0  23.966075087208726  5.700130719140323  5.656450624059741  0.06757468145878451
10
93.0
1  0.0  25.658350308534967  3.4660953111697603  5.6562983043034665  0.079306322154854
2  0.0  25.11819343180059  8.227364737358421  5.655732483290402  0.11265024391362743
3  0.0  28.25670833873992  9.042179357032683  5.65602206151568  0.09702803537093198
4  0.0  29.26732387437765  10.226066706650494  5.651268671939786  0.2513213034184111
5  0.0  35.14107843025827  6.315377879930608  5.656022652804923  -0.0969935614233504
6  0.0  25.369202925028098  6.161105566402481  5.6544656485086415  -0.16437222951495534
7  0.0  28.044902284231807  4.743428805006534  5.654333541804578  -0.16885555372477826
8  0.0  25.416709388715883  9.92930390525944  5.655209217599161  0.1364137279804112
9  0.0  33.447429931085225  11.362231322732777  5.655700826079237  0.11422856860980621
10  0.0  29.622525711268466  5.767705400599107  5.652355133212417  0.22556916466425825
10
94.0
1  0.0  31.314648612838432  3.545401633324614  5.656633276480348  -0.04999975415142188
2  0.0  30.77392591509099  8.340014981272049  5.6552748031681075  0.13366712629491356
3  0.0  33.9127304002556  9.139207392403616  5.65037379353066  -0.2706953885495079
4  0.0  34.918592546317434  10.477388010068905  5.65198311364556  -0.23470595021312593
5  0.0  40.79710108306319  6.218384318507257  5.6519456978227325  -0.2356052394644976
6  0.0  31.02366857353674  5.996733336887526  5.656180812886034  -0.08728466039264754
7  0.0  33.699235826036386  4.574573251281755  5.656813541399613  0.021460611314095757
8  0.0  31.071918606315045  10.065717633239851  5.656447502077486  -0.06783550870592467
9  0.0  39.103130757164465  11.476459891342584  5.656407556487325  0.07108835989873591
10  0.0  35.27488084448088  5.993274565263365  5.65446999667144  0.16422258292504222
10
95.0
1  0.0  36.97128188931878  3.4954018791731922  5.65208398177607  -0.2322642093615875
2  0.0  36.4292007182591  8.473682107566962  5.654533924269663  -0.16200647914060642
3  0.0  39.56310419378626  8.868512003854109  5.65401310335154  0.17926468455642536
4  0.0  40.570575659963  10.24268205985578  5.656361303992873  0.074677966576791
5  0.0  46.44904678088592  5.98277907904276  5.652431075190781  -0.223658087753638
6  0.0  36.679849386422774  5.909448676494878  5.655034147419781  0.14348794902782316
7  0.0  39.356049367436  4.596033862595851  5.656802865033812  -0.024111120779792283
8  0.0  36.72836610839253  9.997882124533927  5.656667103732831  -0.04601388428353493
9  0.0  44.75953831365179  11.54754825124132  5.656029137325238  -0.09661468691631495
10  0.0  40.92935084115232  6.1574971481884075  5.65660243545016  0.05337496847217673
10
96.0
1  0.0  42.623365871094855  3.263137669811605  5.656352042983298  -0.07537616227084447
2  0.0  42.08373464252876  8.311675628426356  5.653294908648666  -0.20064066349342427
3  0.0  45.2171172971378  9.047776688410535  5.656067588881268  -0.0943367903146188
4  0.0  46.22693696395587  10.31736002643257  5.653772603000147  0.1866958852384028
5  0.0  52.101477856076706  5.759120991289122  5.6548046762544795  -0.152263171550083
6  0.0  42.33488353384256  6.052936625522701  5.651559942271915  -0.2446839163235651
7  0.0  45.01285223246981  4.571922741816059  5.655076920970066  -0.1417921644933678
8  0.0  42.38503321212536  9.951868240250391  5.655953184276555  0.10096324713443681
9  0.0  50.41556745097702  11.450933564325005  5.656754068191397  -0.03366618481636218
10  0.0  46.58595327660248  6.2108721166605845  5.655376762944351  0.12928135654129072
10
97.0
1  0.0  48.279717914078155  3.18776150754076  5.656850113129396  0.0068408762556512
2  0.0  47.73702955117743  8.111034964932932  5.6523266359058955  -0.2262821270643312
3  0.0  50.87318488601907  8.953439898095915  5.651971970138292  0.23497414489918533
4  0.0  51.88070956695602  10.504055911670973  5.656747056277658  0.03482443530129298
5  0.0  57.756282532331184  5.606857819739039  5.65548078876874  -0.12464769499565845
6  0.0  47.986443476114474  5.808252709199136  5.656805632954323  -0.02345273920493927
7  0.0  50.66792915343988  4.430130577322691  5.655945731901951  0.10137986871218507
8  0.0  48.04098639640191  10.052831487384829  5.651329594843066  0.24994761541358493
9  0.0  56.07232151916842  11.417267379508644  5.656813616824083  0.021440720921746138
10  0.0  52.24133003954683  6.340153473201875  5.653921525862128  -0.18213011665548565
10
98.0
1  0.0  53.93656802720755  3.1946023837964113  5.6567864990987875  -0.027685801662346105
2  0.0  53.38935618708332  7.884752837868601  5.656838185840263  -0.013481068928570131
3  0.0  56.52515685615736  9.1884140429951  5.655244792766685  -0.13493084853110174
4  0.0  57.53745662323368  10.538880346972265  5.654064517742648  -0.17763566422202265
5  0.0  63.411763321099926  5.48221012474338  5.6561604998784265  0.08859119377823647
6  0.0  53.6432491090688  5.784799969994197  5.655531327571111  0.12233316337657925
7  0.0  56.32387488534183  4.5315104460348765  5.654794553903637  0.15263863580944653
8  0.0  53.69231599124498  10.302779102798414  5.653495816396157  -0.19489754742216295
9  0.0  61.7291351359925  11.43870810043039  5.649982812682401  0.2787368228158454
10  0.0  57.895251565408955  6.158023356546389  5.655490492022248  0.12420666103722902
10
99.0
1  0.0  59.593354526306335  3.166916582134065  5.655782709824478  -0.11009967870295731
2  0.0  59.04619437292359  7.871271768940031  5.655696097289038  -0.11446246157389472
3  0.0  62.18040164892405  9.053483194463999  5.6516632683932455  0.24228557673663623
4  0.0  63.19152114097633  10.361244682750243  5.650238627237124  0.2735022034235605
5  0.0  69.06792382097835  5.5708013185216165  5.6567624538033705  0.032226405950666254
6  0.0  59.29878043663991  5.907133133370777  5.655592139506794  0.11948870887635993
7  0.0  61.978669439245465  4.684149081844323  5.653173295299265  -0.2040384603824521
8  0.0  59.34581180764114  10.10788155537625  5.655394191676995  0.12851667886359028
9  0.0  67.3791179486749  11.717444923246235  5.654153126380902  0.17479251539202562
10  0.0  63.5507420574312  6.282230017583618  5.6519280473667175  -0.2360282766736143
10
100.0
1  0.0  65.2491372361308  3.0568169034311077  5.65343862279804  -0.19654958218068572
2  0.0  64.70189047021262  7.756809307366137  5.6567709888024185  0.03069169665108413
3  0.0  67.8320649173173  9.295768771200635  5.653002716531586  0.2087110128539702
4  0.0  68.84175976821345  10.634746886173804  5.6567166143243  -0.0394606795104795
5  0.0  74.72468627478172  5.603027724472283  5.652071767953603  -0.23256123903576464
6  0.0  64.95437257614671  6.0266218422471365  5.654631186149021  0.158575372081845
7  0.0  67.63184273454473  4.480110621461871  5.6539309282210315  -0.1818380018193812
8  0.0  65.00120599931813  10.236398234239841  5.656739583984547  0.036017759263471144
9  0.0  73.03327107505581  11.892237438638261  5.656464368715635  -0.0664141961514446
10  0.0  69.20267010479792  6.046201740910004  5.654870962494859  -0.14978116547998246
10
101.0
1  0.0  70.90257585892884  2.860267321250422  5.656834886821607  0.014800785045972731
2  0.0  70.35866145901504  7.787501004017221  5.654849435339471  -0.15059171172704952
3  0.0  73.48506763384889  9.504479784054604  5.652080778558756  -0.2323421456530644
4  0.0  74.49847638253775  10.595286206663324  5.651963843599217  0.23516953596748422
5  0.0  80.37675804273532  5.370466485436518  5.654993682729995  -0.14507394074702867
6  0.0  70.60900376229573  6.185197214328982  5.655776331252966  0.11042685741576143
7  0.0  73.28577366276576  4.29827261964249  5.656801712950602  -0.024379917127253334
8  0.0  70.65794558330268  10.272415993503312  5.65674499096439  -0.035158316218316686
9  0.0  78.68973544377144  11.825823242486816  5.655861921868052  -0.10595244576239804
10  0.0  74.85754106729277  5.896420575430022  5.652541706940625  0.22084440517441542
